8.549726e-01
7.923282e-01
7.309948e-01
6.709722e-01
6.122605e-01
5.548597e-01
4.987697e-01
4.439907e-01
3.905224e-01
3.383651e-01
2.875186e-01
2.379830e-01
1.897583e-01
1.428444e-01
9.724143e-02
5.294931e-02
9.968056e-03
-3.170232e-02
-7.206183e-02
-1.111105e-01
-1.488482e-01
-1.852751e-01
-2.203912e-01
-2.541963e-01
-2.866906e-01
-3.178740e-01
-3.477465e-01
-3.763082e-01
-4.035590e-01
-4.294989e-01
-4.541280e-01
-4.774462e-01
-4.994535e-01
-5.201499e-01
-5.395355e-01
-5.576102e-01
-5.743740e-01
-5.898270e-01
-6.039691e-01
-6.168003e-01
-6.283207e-01
-6.385301e-01
-6.474288e-01
-6.550165e-01
-6.612934e-01
-6.662593e-01
-6.699145e-01
-6.722587e-01
-6.732921e-01
-6.730146e-01
-6.714262e-01
-6.685270e-01
-6.643169e-01
-6.587959e-01
-6.519641e-01
-6.438214e-01
-6.343678e-01
-6.236033e-01
-6.115280e-01
-5.981418e-01
-5.834447e-01
-5.674368e-01
-5.501180e-01
-5.314883e-01
-5.115478e-01
-4.902963e-01
-4.677340e-01
-4.438609e-01
-4.186768e-01
-3.921819e-01
-3.643761e-01
-3.352595e-01
-3.048320e-01
-2.730936e-01
-2.400443e-01
-2.056842e-01
-1.700132e-01
-1.330313e-01
-9.473855e-02
-5.513494e-02
-1.422045e-02
2.800491e-02
7.154114e-02
1.163882e-01
1.625462e-01
2.100151e-01
2.587948e-01
3.088854e-01
3.602868e-01
4.129991e-01
4.670223e-01
5.223564e-01
5.790013e-01
6.369571e-01
6.962238e-01
7.568014e-01
8.186898e-01
8.818891e-01
9.463993e-01
1.012220e+00
1.079352e+00
1.146078e+00
1.214515e+00
1.284672e+00
1.356543e+00
1.430144e+00
1.505531e+00
1.582721e+00
1.661658e+00
1.742286e+00
1.824579e+00
1.908534e+00
1.994162e+00
2.081475e+00
2.170463e+00
2.261105e+00
2.353390e+00
2.447307e+00
2.542839e+00
2.639969e+00
2.738666e+00
2.838910e+00
2.940695e+00
3.044001e+00
3.148812e+00
3.255105e+00
3.362858e+00
3.472047e+00
3.582647e+00
3.694650e+00
3.808025e+00
3.922728e+00
4.038718e+00
4.155955e+00
4.274440e+00
4.394189e+00
4.515183e+00
4.637400e+00
4.760824e+00
4.885407e+00
5.011088e+00
5.137834e+00
5.265604e+00
5.394354e+00
5.524068e+00
5.654728e+00
5.786292e+00
5.918738e+00
6.052063e+00
6.186255e+00
6.321277e+00
6.457078e+00
6.593613e+00
6.730822e+00
6.868659e+00
7.007090e+00
7.146062e+00
7.285523e+00
7.425453e+00
7.565827e+00
7.706588e+00
7.847675e+00
7.989018e+00
8.130531e+00
8.272118e+00
8.413691e+00
8.555164e+00
8.696448e+00
8.837495e+00
8.978262e+00
9.118742e+00
9.259013e+00
9.399148e+00
9.539146e+00
9.678985e+00
9.818639e+00
9.958076e+00
1.009727e+01
1.023621e+01
1.037484e+01
1.051312e+01
1.065102e+01
1.078854e+01
1.092570e+01
1.106247e+01
1.119884e+01
1.133474e+01
1.147015e+01
1.160504e+01
1.173940e+01
1.187323e+01
1.200649e+01
1.213918e+01
1.227128e+01
1.240276e+01
1.253361e+01
1.266380e+01
1.279336e+01
1.292227e+01
1.305048e+01
1.317800e+01
1.330481e+01
1.343090e+01
1.355627e+01
1.368094e+01
1.380492e+01
1.392822e+01
1.405084e+01
1.417278e+01
1.429404e+01
1.441461e+01
1.453448e+01
1.465366e+01
1.477216e+01
1.489002e+01
1.500731e+01
1.512412e+01
1.524051e+01
1.535656e+01
1.547229e+01
1.558768e+01
1.570274e+01
1.581743e+01
1.593177e+01
1.604572e+01
1.615927e+01
1.627241e+01
1.638513e+01
1.649748e+01
1.660949e+01
1.672122e+01
1.683272e+01
1.694403e+01
1.705519e+01
1.716623e+01
1.727719e+01
1.738814e+01
1.749912e+01
1.761014e+01
1.772122e+01
1.783238e+01
1.794361e+01
1.805491e+01
1.816628e+01
1.827775e+01
1.838934e+01
1.850107e+01
1.861293e+01
1.872493e+01
1.883705e+01
1.894931e+01
1.906175e+01
1.917437e+01
1.928718e+01
1.940019e+01
1.951341e+01
1.962689e+01
1.974065e+01
1.985474e+01
1.996920e+01
2.008404e+01
2.019924e+01
2.031481e+01
2.043077e+01
2.054715e+01
2.066402e+01
2.078141e+01
2.089933e+01
2.101775e+01
2.113659e+01
2.125581e+01
2.137543e+01
2.149547e+01
2.161594e+01
2.173681e+01
2.185810e+01
2.197978e+01
2.210187e+01
2.222435e+01
2.234716e+01
2.247029e+01
2.259374e+01
2.271757e+01
2.284181e+01
2.296646e+01
2.309155e+01
2.321710e+01
2.334315e+01
2.346974e+01
2.359692e+01
2.372473e+01
2.385320e+01
2.398240e+01
2.411237e+01
2.424314e+01
2.437474e+01
2.450716e+01
2.464039e+01
2.477445e+01
2.490934e+01
2.504511e+01
2.518176e+01
2.531929e+01
2.545769e+01
2.559697e+01
2.573706e+01
2.587787e+01
2.601934e+01
2.616148e+01
2.630428e+01
2.644776e+01
2.659193e+01
2.673676e+01
2.688226e+01
2.702843e+01
2.717529e+01
2.732285e+01
2.747113e+01
2.762016e+01
2.776997e+01
2.792061e+01
2.807212e+01
2.822450e+01
2.837777e+01
2.853193e+01
2.868697e+01
2.884291e+01
2.899972e+01
2.915735e+01
2.931576e+01
2.947496e+01
2.963497e+01
2.979582e+01
2.995758e+01
3.012028e+01
3.028391e+01
3.044844e+01
3.061388e+01
3.078023e+01
3.094750e+01
3.111568e+01
3.128474e+01
3.145467e+01
3.162545e+01
3.179709e+01
3.196955e+01
3.214279e+01
3.231680e+01
3.249156e+01
3.266709e+01
3.284335e+01
3.302036e+01
3.319810e+01
3.337658e+01
3.355577e+01
3.373567e+01
3.391629e+01
3.409765e+01
3.427974e+01
3.446260e+01
3.464628e+01
3.483080e+01
3.501620e+01
3.520255e+01
3.538994e+01
3.557848e+01
3.576826e+01
3.595937e+01
3.615180e+01
3.634556e+01
3.654066e+01
3.673708e+01
3.693477e+01
3.713373e+01
3.733394e+01
3.753540e+01
3.773807e+01
3.794199e+01
3.814717e+01
3.835361e+01
3.856131e+01
3.877028e+01
3.898047e+01
3.919186e+01
3.940443e+01
3.961820e+01
3.983316e+01
4.004931e+01
4.026660e+01
4.048498e+01
4.070442e+01
4.092489e+01
4.114631e+01
4.136863e+01
4.159177e+01
4.181570e+01
4.204035e+01
4.226569e+01
4.249174e+01
4.271854e+01
4.294612e+01
4.317451e+01
4.340375e+01
4.363390e+01
4.386497e+01
4.409695e+01
4.432980e+01
4.456349e+01
4.479798e+01
4.503319e+01
4.526909e+01
4.550563e+01
4.574280e+01
4.598064e+01
4.621914e+01
4.645831e+01
4.669812e+01
4.693853e+01
4.717948e+01
4.742096e+01
4.766300e+01
4.790564e+01
4.814890e+01
4.839282e+01
4.863741e+01
4.888266e+01
4.912859e+01
4.937516e+01
4.962237e+01
4.987019e+01
5.011863e+01
5.036765e+01
5.061726e+01
5.086745e+01
5.111820e+01
5.136950e+01
5.162130e+01
5.187354e+01
5.212621e+01
5.237929e+01
5.263280e+01
5.288676e+01
5.314118e+01
5.339610e+01
5.365152e+01
5.390744e+01
5.416388e+01
5.442086e+01
5.467844e+01
5.493661e+01
5.519534e+01
5.545462e+01
5.571439e+01
5.597465e+01
5.623538e+01
5.649656e+01
5.675813e+01
5.702006e+01
5.728230e+01
5.754481e+01
5.780757e+01
5.807051e+01
5.833362e+01
5.859686e+01
5.886023e+01
5.912375e+01
5.938743e+01
5.965126e+01
5.991523e+01
6.017932e+01
6.044352e+01
6.070786e+01
6.097232e+01
6.123689e+01
6.150157e+01
6.176637e+01
6.203129e+01
6.229636e+01
6.256162e+01
6.282712e+01
6.309283e+01
6.335871e+01
6.362473e+01
6.389088e+01
6.415715e+01
6.442353e+01
6.469002e+01
6.495664e+01
6.522341e+01
6.549035e+01
6.575745e+01
6.602466e+01
6.629191e+01
6.655912e+01
6.682619e+01
6.709303e+01
6.735965e+01
6.762605e+01
6.789220e+01
6.815808e+01
6.842368e+01
6.868902e+01
6.895409e+01
6.921890e+01
6.948346e+01
6.974777e+01
7.001184e+01
7.027566e+01
7.053923e+01
7.080256e+01
7.106562e+01
7.132838e+01
7.159084e+01
7.185297e+01
7.211474e+01
7.237609e+01
7.263700e+01
7.289746e+01
7.315740e+01
7.341679e+01
7.367557e+01
7.393368e+01
7.419106e+01
7.444768e+01
7.470352e+01
7.495856e+01
7.521279e+01
7.546622e+01
7.571888e+01
7.597077e+01
7.622190e+01
7.647223e+01
7.672171e+01
7.697023e+01
7.721772e+01
7.746411e+01
7.770935e+01
7.795337e+01
7.819608e+01
7.843741e+01
7.867734e+01
7.891589e+01
7.915305e+01
7.938881e+01
7.962314e+01
7.985600e+01
8.008737e+01
8.031721e+01
8.054546e+01
8.077207e+01
8.099700e+01
8.122022e+01
8.144166e+01
8.166131e+01
8.187912e+01
8.209504e+01
8.230903e+01
8.252107e+01
8.273113e+01
8.293919e+01
8.314525e+01
8.334925e+01
8.355116e+01
8.375092e+01
8.394844e+01
8.414363e+01
8.433641e+01
8.452672e+01
8.471452e+01
8.489979e+01
8.508249e+01
8.526251e+01
8.543977e+01
8.561418e+01
8.578569e+01
8.595429e+01
8.611996e+01
8.628262e+01
8.644220e+01
8.659865e+01
8.675191e+01
8.690196e+01
8.704881e+01
8.719242e+01
8.733276e+01
8.746983e+01
8.760359e+01
8.773400e+01
8.786105e+01
8.798469e+01
8.810491e+01
8.822167e+01
8.833495e+01
8.844471e+01
8.855096e+01
8.865370e+01
8.875295e+01
8.884869e+01
8.894086e+01
8.902942e+01
8.911433e+01
8.919554e+01
8.927302e+01
8.934676e+01
8.941670e+01
8.948284e+01
8.954520e+01
8.960381e+01
8.965877e+01
8.971017e+01
8.975812e+01
8.980268e+01
8.984392e+01
8.988187e+01
8.991658e+01
8.994812e+01
8.997652e+01
9.000180e+01
9.002403e+01
9.004326e+01
9.005952e+01
9.007283e+01
9.008319e+01
9.009061e+01
9.009510e+01
9.009669e+01
9.009540e+01
9.009130e+01
9.008445e+01
9.007488e+01
9.006266e+01
9.004787e+01
9.003058e+01
9.001086e+01
8.998875e+01
8.996427e+01
8.993746e+01
8.990841e+01
8.987718e+01
8.984381e+01
8.980834e+01
8.977078e+01
8.973113e+01
8.968940e+01
8.964562e+01
8.959984e+01
8.955212e+01
8.950249e+01
8.945101e+01
8.939771e+01
8.934263e+01
8.928584e+01
8.922738e+01
8.916730e+01
8.910563e+01
8.904242e+01
8.897774e+01
8.891159e+01
8.884397e+01
8.877488e+01
8.870434e+01
8.863237e+01
8.855902e+01
8.848430e+01
8.840828e+01
8.833097e+01
8.825239e+01
8.817257e+01
8.809157e+01
8.800942e+01
8.792621e+01
8.784201e+01
8.775688e+01
8.767092e+01
8.758420e+01
8.749682e+01
8.740885e+01
8.732038e+01
8.723142e+01
8.714197e+01
8.705210e+01
8.696188e+01
8.687135e+01
8.678056e+01
8.668956e+01
8.659842e+01
8.650717e+01
8.641577e+01
8.632419e+01
8.623243e+01
8.614045e+01
8.604826e+01
8.595587e+01
8.586332e+01
8.577070e+01
8.567809e+01
8.558553e+01
8.549304e+01
8.540064e+01
8.530837e+01
8.521623e+01
8.512421e+01
8.503234e+01
8.494063e+01
8.484914e+01
8.475792e+01
8.466704e+01
8.457655e+01
8.448651e+01
8.439695e+01
8.430790e+01
8.421940e+01
8.413150e+01
8.404428e+01
8.395778e+01
8.387204e+01
8.378703e+01
8.370278e+01
8.361929e+01
8.353661e+01
8.345476e+01
8.337376e+01
8.329364e+01
8.321445e+01
8.313620e+01
8.305892e+01
8.298264e+01
8.290738e+01
8.283315e+01
8.275992e+01
8.268768e+01
8.261643e+01
8.254618e+01
8.247694e+01
8.240872e+01
8.234155e+01
8.227547e+01
8.221051e+01
8.214673e+01
8.208417e+01
8.202283e+01
8.196272e+01
8.190385e+01
8.184625e+01
8.178992e+01
8.173487e+01
8.168109e+01
8.162860e+01
8.157738e+01
8.152745e+01
8.147880e+01
8.143143e+01
8.138535e+01
8.134054e+01
8.129697e+01
8.125466e+01
8.121357e+01
8.117365e+01
8.113485e+01
8.109707e+01
8.106027e+01
8.102442e+01
8.098947e+01
8.095539e+01
8.092216e+01
8.088977e+01
8.085823e+01
8.082750e+01
8.079755e+01
8.076836e+01
8.073991e+01
8.071223e+01
8.068532e+01
8.065920e+01
8.063386e+01
8.060929e+01
8.058545e+01
8.056231e+01
8.053984e+01
8.051800e+01
8.049676e+01
8.047606e+01
8.045583e+01
8.043601e+01
8.041653e+01
8.039729e+01
8.037822e+01
8.035924e+01
8.034027e+01
8.032124e+01
8.030208e+01
8.028277e+01
8.026332e+01
8.024376e+01
8.022412e+01
8.020441e+01
8.018467e+01
8.016494e+01
8.014524e+01
8.012560e+01
8.010604e+01
8.008658e+01
8.006723e+01
8.004800e+01
8.002893e+01
8.001007e+01
7.999150e+01
7.997325e+01
7.995532e+01
7.993767e+01
7.992028e+01
7.990314e+01
7.988625e+01
7.986960e+01
7.985316e+01
7.983690e+01
7.982082e+01
7.980493e+01
7.978919e+01
7.977359e+01
7.975808e+01
7.974269e+01
7.972741e+01
7.971224e+01
7.969718e+01
7.968220e+01
7.966728e+01
7.965240e+01
7.963754e+01
7.962267e+01
7.960775e+01
7.959270e+01
7.957747e+01
7.956205e+01
7.954642e+01
7.953057e+01
7.951447e+01
7.949810e+01
7.948146e+01
7.946450e+01
7.944719e+01
7.942952e+01
7.941153e+01
7.939321e+01
7.937452e+01
7.935540e+01
7.933578e+01
7.931562e+01
7.929486e+01
7.927347e+01
7.925146e+01
7.922879e+01
7.920545e+01
7.918142e+01
7.915667e+01
7.913118e+01
7.910491e+01
7.907788e+01
7.905013e+01
7.902166e+01
7.899245e+01
7.896245e+01
7.893164e+01
7.889997e+01
7.886738e+01
7.883384e+01
7.879933e+01
7.876389e+01
7.872754e+01
7.869031e+01
7.865222e+01
7.861328e+01
7.857353e+01
7.853297e+01
7.849165e+01
7.844958e+01
7.840677e+01
7.836324e+01
7.831901e+01
7.827412e+01
7.822860e+01
7.818246e+01
7.813576e+01
7.808852e+01
7.804078e+01
7.799256e+01
7.794395e+01
7.789504e+01
7.784590e+01
7.779660e+01
7.774721e+01
7.769780e+01
7.764845e+01
7.759924e+01
7.755021e+01
7.750140e+01
7.745285e+01
7.740461e+01
7.735676e+01
7.730932e+01
7.726230e+01
7.721576e+01
7.716973e+01
7.712428e+01
7.707943e+01
7.703521e+01
7.699163e+01
7.694871e+01
7.690648e+01
7.686496e+01
7.682420e+01
7.678423e+01
7.674509e+01
7.670680e+01
7.666942e+01
7.663300e+01
7.659759e+01
7.656326e+01
7.653007e+01
7.649803e+01
7.646720e+01
7.643760e+01
7.640928e+01
7.638225e+01
7.635655e+01
7.633218e+01
7.630917e+01
7.628750e+01
7.626719e+01
7.624829e+01
7.623085e+01
7.621488e+01
7.620042e+01
7.618754e+01
7.617629e+01
7.616667e+01
7.615867e+01
7.615232e+01
7.614762e+01
7.614460e+01
7.614324e+01
7.614353e+01
7.614546e+01
7.614898e+01
7.615407e+01
7.616072e+01
7.616890e+01
7.617861e+01
7.618986e+01
7.620262e+01
7.621687e+01
7.623260e+01
7.624978e+01
7.626840e+01
7.628845e+01
7.630992e+01
7.633280e+01
7.635707e+01
7.638275e+01
7.640984e+01
7.643835e+01
7.646828e+01
7.649961e+01
7.653232e+01
7.656635e+01
7.660167e+01
7.663827e+01
7.667614e+01
7.671525e+01
7.675556e+01
7.679703e+01
7.683957e+01
7.688313e+01
7.692765e+01
7.697310e+01
7.701943e+01
7.706659e+01
7.711454e+01
7.716324e+01
7.721267e+01
7.726276e+01
7.731346e+01
7.736473e+01
7.741652e+01
7.746881e+01
7.752159e+01
7.757483e+01
7.762852e+01
7.768267e+01
7.773729e+01
7.779239e+01
7.784795e+01
7.790392e+01
7.796026e+01
7.801692e+01
7.807386e+01
7.813102e+01
7.818838e+01
7.824588e+01
7.830346e+01
7.836111e+01
7.841878e+01
7.847641e+01
7.853389e+01
7.859114e+01
7.864807e+01
7.870458e+01
7.876057e+01
7.881599e+01
7.887077e+01
7.892486e+01
7.897823e+01
7.903080e+01
7.908253e+01
7.913335e+01
7.918321e+01
7.923205e+01
7.927983e+01
7.932652e+01
7.937211e+01
7.941656e+01
7.945980e+01
7.950177e+01
7.954240e+01
7.958164e+01
7.961942e+01
7.965570e+01
7.969038e+01
7.972337e+01
7.975463e+01
7.978416e+01
7.981196e+01
7.983801e+01
7.986222e+01
7.988453e+01
7.990492e+01
7.992336e+01
7.993981e+01
7.995424e+01
7.996666e+01
7.997704e+01
7.998536e+01
7.999157e+01
7.999565e+01
7.999759e+01
7.999737e+01
7.999495e+01
7.999032e+01
7.998347e+01
7.997436e+01
7.996299e+01
7.994933e+01
7.993335e+01
7.991502e+01
7.989432e+01
7.987124e+01
7.984582e+01
7.981807e+01
7.978803e+01
7.975573e+01
7.972124e+01
7.968461e+01
7.964592e+01
7.960523e+01
7.956265e+01
7.951827e+01
7.947219e+01
7.942445e+01
7.937509e+01
7.932413e+01
7.927158e+01
7.921746e+01
7.916180e+01
7.910462e+01
7.904594e+01
7.898576e+01
7.892410e+01
7.886097e+01
7.879638e+01
7.873036e+01
7.866292e+01
7.859408e+01
7.852384e+01
7.845223e+01
7.837925e+01
7.830490e+01
7.822916e+01
7.815203e+01
7.807350e+01
7.799356e+01
7.791217e+01
7.782931e+01
7.774497e+01
7.765914e+01
7.757182e+01
7.748301e+01
7.739272e+01
7.730096e+01
7.720773e+01
7.711307e+01
7.701700e+01
7.691957e+01
7.682079e+01
7.672069e+01
7.661928e+01
7.651658e+01
7.641261e+01
7.630740e+01
7.620100e+01
7.609345e+01
7.598478e+01
7.587503e+01
7.576423e+01
7.565242e+01
7.553960e+01
7.542579e+01
7.531104e+01
7.519539e+01
7.507889e+01
7.496157e+01
7.484348e+01
7.472464e+01
7.460510e+01
7.448488e+01
7.436404e+01
7.424261e+01
7.412067e+01
7.399827e+01
7.387546e+01
7.375228e+01
7.362880e+01
7.350505e+01
7.338104e+01
7.325679e+01
7.313230e+01
7.300761e+01
7.288275e+01
7.275776e+01
7.263266e+01
7.250750e+01
7.238231e+01
7.225712e+01
7.213197e+01
7.200690e+01
7.188195e+01
7.175716e+01
7.163256e+01
7.150823e+01
7.138418e+01
7.126047e+01
7.113714e+01
7.101424e+01
7.089178e+01
7.076978e+01
7.064827e+01
7.052725e+01
7.040676e+01
7.028683e+01
7.016747e+01
7.004866e+01
6.993038e+01
6.981259e+01
6.969530e+01
6.957855e+01
6.946239e+01
6.934682e+01
6.923182e+01
6.911739e+01
6.900353e+01
6.889024e+01
6.877757e+01
6.866555e+01
6.855418e+01
6.844349e+01
6.833350e+01
6.822421e+01
6.811565e+01
6.800784e+01
6.790077e+01
6.779439e+01
6.768872e+01
6.758376e+01
6.747954e+01
6.737602e+01
6.727321e+01
6.717110e+01
6.706966e+01
6.696887e+01
6.686872e+01
6.676917e+01
6.667020e+01
6.657180e+01
6.647396e+01
6.637665e+01
6.627985e+01
6.618353e+01
6.608764e+01
6.599211e+01
6.589693e+01
6.580207e+01
6.570753e+01
6.561327e+01
6.551929e+01
6.542561e+01
6.533224e+01
6.523914e+01
6.514633e+01
6.505384e+01
6.496167e+01
6.486981e+01
6.477828e+01
6.468712e+01
6.459634e+01
6.450597e+01
6.441603e+01
6.432654e+01
6.423752e+01
6.414899e+01
6.406094e+01
6.397336e+01
6.388625e+01
6.379961e+01
6.371347e+01
6.362784e+01
6.354275e+01
6.345824e+01
6.337438e+01
6.329126e+01
6.320893e+01
6.312742e+01
6.304672e+01
6.296682e+01
6.288773e+01
6.280947e+01
6.273202e+01
6.265538e+01
6.257954e+01
6.250453e+01
6.243033e+01
6.235692e+01
6.228430e+01
6.221246e+01
6.214141e+01
6.207114e+01
6.200164e+01
6.193290e+01
6.186490e+01
6.179767e+01
6.173121e+01
6.166551e+01
6.160052e+01
6.153624e+01
6.147264e+01
6.140971e+01
6.134746e+01
6.128588e+01
6.122495e+01
6.116465e+01
6.110498e+01
6.104592e+01
6.098744e+01
6.092947e+01
6.087199e+01
6.081496e+01
6.075834e+01
6.070210e+01
6.064616e+01
6.059046e+01
6.053496e+01
6.047964e+01
6.042444e+01
6.036930e+01
6.031418e+01
6.025908e+01
6.020399e+01
6.014889e+01
6.009379e+01
6.003866e+01
5.998350e+01
5.992829e+01
5.987299e+01
5.981759e+01
5.976207e+01
5.970645e+01
5.965072e+01
5.959486e+01
5.953885e+01
5.948266e+01
5.942630e+01
5.936978e+01
5.931313e+01
5.925632e+01
5.919935e+01
5.914223e+01
5.908497e+01
5.902755e+01
5.896996e+01
5.891218e+01
5.885418e+01
5.879598e+01
5.873758e+01
5.867900e+01
5.862027e+01
5.856138e+01
5.850235e+01
5.844321e+01
5.838398e+01
5.832469e+01
5.826534e+01
5.820594e+01
5.814651e+01
5.808710e+01
5.802773e+01
5.796843e+01
5.790926e+01
5.785027e+01
5.779147e+01
5.773290e+01
5.767458e+01
5.761653e+01
5.755877e+01
5.750129e+01
5.744409e+01
5.738718e+01
5.733057e+01
5.727425e+01
5.721825e+01
5.716260e+01
5.710729e+01
5.705233e+01
5.699774e+01
5.694353e+01
5.688978e+01
5.683656e+01
5.678389e+01
5.673178e+01
5.668025e+01
5.662933e+01
5.657903e+01
5.652938e+01
5.648036e+01
5.643200e+01
5.638430e+01
5.633727e+01
5.629091e+01
5.624524e+01
5.620028e+01
5.615602e+01
5.611247e+01
5.606962e+01
5.602747e+01
5.598603e+01
5.594530e+01
5.590535e+01
5.586620e+01
5.582787e+01
5.579036e+01
5.575364e+01
5.571775e+01
5.568270e+01
5.564854e+01
5.561531e+01
5.558301e+01
5.555162e+01
5.552113e+01
5.549152e+01
5.546278e+01
5.543488e+01
5.540784e+01
5.538165e+01
5.535629e+01
5.533177e+01
5.530804e+01
5.528511e+01
5.526296e+01
5.524161e+01
5.522102e+01
5.520120e+01
5.518212e+01
5.516382e+01
5.514628e+01
5.512948e+01
5.511340e+01
5.509799e+01
5.508320e+01
5.506898e+01
5.505529e+01
5.504214e+01
5.502949e+01
5.501735e+01
5.500570e+01
5.499457e+01
5.498394e+01
5.497378e+01
5.496410e+01
5.495490e+01
5.494621e+01
5.493804e+01
5.493042e+01
5.492336e+01
5.491687e+01
5.491096e+01
5.490564e+01
5.490094e+01
5.489693e+01
5.489364e+01
5.489107e+01
5.488922e+01
5.488808e+01
5.488767e+01
5.488799e+01
5.488901e+01
5.489070e+01
5.489305e+01
5.489603e+01
5.489964e+01
5.490384e+01
5.490862e+01
5.491394e+01
5.491982e+01
5.492622e+01
5.493314e+01
5.494056e+01
5.494845e+01
5.495677e+01
5.496547e+01
5.497448e+01
5.498372e+01
5.499313e+01
5.500266e+01
5.501228e+01
5.502196e+01
5.503159e+01
5.504113e+01
5.505054e+01
5.505982e+01
5.506891e+01
5.507776e+01
5.508636e+01
5.509467e+01
5.510266e+01
5.511031e+01
5.511757e+01
5.512440e+01
5.513075e+01
5.513659e+01
5.514188e+01
5.514662e+01
5.515079e+01
5.515439e+01
5.515742e+01
5.515987e+01
5.516172e+01
5.516296e+01
5.516356e+01
5.516349e+01
5.516273e+01
5.516125e+01
5.515899e+01
5.515595e+01
5.515210e+01
5.514748e+01
5.514208e+01
5.513593e+01
5.512904e+01
5.512139e+01
5.511300e+01
5.510390e+01
5.509412e+01
5.508368e+01
5.507265e+01
5.506108e+01
5.504897e+01
5.503630e+01
5.502306e+01
5.500919e+01
5.499470e+01
5.497957e+01
5.496380e+01
5.494738e+01
5.493034e+01
5.491265e+01
5.489429e+01
5.487521e+01
5.485539e+01
5.483479e+01
5.481338e+01
5.479111e+01
5.476794e+01
5.474382e+01
5.471871e+01
5.469263e+01
5.466558e+01
5.463755e+01
5.460855e+01
5.457855e+01
5.454755e+01
5.451559e+01
5.448273e+01
5.444902e+01
5.441448e+01
5.437915e+01
5.434303e+01
5.430620e+01
5.426867e+01
5.423049e+01
5.419169e+01
5.415230e+01
5.411235e+01
5.407189e+01
5.403094e+01
5.398951e+01
5.394758e+01
5.390516e+01
5.386228e+01
5.381896e+01
5.377524e+01
5.373113e+01
5.368667e+01
5.364192e+01
5.359695e+01
5.355179e+01
5.350652e+01
5.346118e+01
5.341583e+01
5.337050e+01
5.332525e+01
5.328011e+01
5.323510e+01
5.319025e+01
5.314558e+01
5.310110e+01
5.305682e+01
5.301271e+01
5.296878e+01
5.292505e+01
5.288155e+01
5.283831e+01
5.279532e+01
5.275259e+01
5.271015e+01
5.266805e+01
5.262634e+01
5.258502e+01
5.254411e+01
5.250361e+01
5.246352e+01
5.242387e+01
5.238468e+01
5.234596e+01
5.230772e+01
5.226996e+01
5.223269e+01
5.219587e+01
5.215949e+01
5.212354e+01
5.208799e+01
5.205285e+01
5.201810e+01
5.198374e+01
5.194973e+01
5.191605e+01
5.188267e+01
5.184957e+01
5.181672e+01
5.178415e+01
5.175188e+01
5.171990e+01
5.168824e+01
5.165691e+01
5.162594e+01
5.159537e+01
5.156520e+01
5.153538e+01
5.150588e+01
5.147664e+01
5.144760e+01
5.141875e+01
5.139009e+01
5.136161e+01
5.133329e+01
5.130513e+01
5.127711e+01
5.124922e+01
5.122147e+01
5.119391e+01
5.116658e+01
5.113950e+01
5.111266e+01
5.108607e+01
5.105971e+01
5.103357e+01
5.100767e+01
5.098202e+01
5.095664e+01
5.093155e+01
5.090675e+01
5.088223e+01
5.085799e+01
5.083403e+01
5.081033e+01
5.078685e+01
5.076358e+01
5.074045e+01
5.071743e+01
5.069447e+01
5.067157e+01
5.064868e+01
5.062578e+01
5.060287e+01
5.057989e+01
5.055682e+01
5.053361e+01
5.051026e+01
5.048670e+01
5.046290e+01
5.043882e+01
5.041443e+01
5.038974e+01
5.036472e+01
5.033932e+01
5.031351e+01
5.028723e+01
5.026045e+01
5.023318e+01
5.020540e+01
5.017713e+01
5.014840e+01
5.011924e+01
5.008966e+01
5.005966e+01
5.002926e+01
4.999851e+01
4.996745e+01
4.993615e+01
4.990460e+01
4.987283e+01
4.984082e+01
4.980857e+01
4.977608e+01
4.974337e+01
4.971045e+01
4.967732e+01
4.964400e+01
4.961052e+01
4.957691e+01
4.954319e+01
4.950937e+01
4.947543e+01
4.944136e+01
4.940713e+01
4.937278e+01
4.933828e+01
4.930366e+01
4.926892e+01
4.923408e+01
4.919915e+01
4.916414e+01
4.912904e+01
4.909389e+01
4.905869e+01
4.902347e+01
4.898820e+01
4.895289e+01
4.891751e+01
4.888207e+01
4.884655e+01
4.881094e+01
4.877520e+01
4.873932e+01
4.870328e+01
4.866702e+01
4.863050e+01
4.859370e+01
4.855661e+01
4.851926e+01
4.848168e+01
4.844384e+01
4.840574e+01
4.836736e+01
4.832870e+01
4.828973e+01
4.825043e+01
4.821079e+01
4.817075e+01
4.813031e+01
4.808951e+01
4.804838e+01
4.800694e+01
4.796522e+01
4.792325e+01
4.788107e+01
4.783872e+01
4.779619e+01
4.775349e+01
4.771069e+01
4.766783e+01
4.762494e+01
4.758204e+01
4.753912e+01
4.749618e+01
4.745323e+01
4.741027e+01
4.736733e+01
4.732445e+01
4.728162e+01
4.723889e+01
4.719628e+01
4.715384e+01
4.711158e+01
4.706954e+01
4.702773e+01
4.698618e+01
4.694492e+01
4.690396e+01
4.686331e+01
4.682301e+01
4.678308e+01
4.674353e+01
4.670433e+01
4.666548e+01
4.662699e+01
4.658885e+01
4.655107e+01
4.651369e+01
4.647674e+01
4.644024e+01
4.640417e+01
4.636856e+01
4.633342e+01
4.629876e+01
4.626462e+01
4.623103e+01
4.619796e+01
4.616541e+01
4.613339e+01
4.610195e+01
4.607108e+01
4.604079e+01
4.601106e+01
4.598189e+01
4.595328e+01
4.592521e+01
4.589764e+01
4.587057e+01
4.584400e+01
4.581793e+01
4.579235e+01
4.576724e+01
4.574259e+01
4.571837e+01
4.569457e+01
4.567119e+01
4.564821e+01
4.562561e+01
4.560340e+01
4.558161e+01
4.556023e+01
4.553926e+01
4.551872e+01
4.549863e+01
4.547903e+01
4.545995e+01
4.544143e+01
4.542349e+01
4.540614e+01
4.538938e+01
4.537323e+01
4.535769e+01
4.534271e+01
4.532824e+01
4.531421e+01
4.530060e+01
4.528742e+01
4.527468e+01
4.526243e+01
4.525066e+01
4.523936e+01
4.522848e+01
4.521800e+01
4.520789e+01
4.519813e+01
4.518873e+01
4.517972e+01
4.517115e+01
4.516301e+01
4.515526e+01
4.514786e+01
4.514083e+01
4.513419e+01
4.512796e+01
4.512212e+01
4.511669e+01
4.511168e+01
4.510702e+01
4.510268e+01
4.509866e+01
4.509499e+01
4.509161e+01
4.508852e+01
4.508571e+01
4.508321e+01
4.508103e+01
4.507916e+01
4.507760e+01
4.507632e+01
4.507531e+01
4.507459e+01
4.507415e+01
4.507397e+01
4.507403e+01
4.507435e+01
4.507496e+01
4.507584e+01
4.507700e+01
4.507846e+01
4.508022e+01
4.508228e+01
4.508461e+01
4.508717e+01
4.508993e+01
4.509290e+01
4.509610e+01
4.509953e+01
4.510321e+01
4.510712e+01
4.511127e+01
4.511563e+01
4.512015e+01
4.512481e+01
4.512956e+01
4.513436e+01
4.513919e+01
4.514399e+01
4.514873e+01
4.515338e+01
4.515792e+01
4.516234e+01
4.516667e+01
4.517091e+01
4.517506e+01
4.517914e+01
4.518317e+01
4.518716e+01
4.519110e+01
4.519498e+01
4.519881e+01
4.520259e+01
4.520631e+01
4.520996e+01
4.521353e+01
4.521700e+01
4.522034e+01
4.522355e+01
4.522661e+01
4.522952e+01
4.523232e+01
4.523503e+01
4.523764e+01
4.524013e+01
4.524245e+01
4.524460e+01
4.524657e+01
4.524834e+01
4.524988e+01
4.525118e+01
4.525225e+01
4.525311e+01
4.525377e+01
4.525418e+01
4.525432e+01
4.525420e+01
4.525386e+01
4.525333e+01
4.525261e+01
4.525169e+01
4.525057e+01
4.524927e+01
4.524777e+01
4.524608e+01
4.524422e+01
4.524221e+01
4.524010e+01
4.523793e+01
4.523573e+01
4.523356e+01
4.523144e+01
4.522940e+01
4.522751e+01
4.522579e+01
4.522426e+01
4.522290e+01
4.522176e+01
4.522086e+01
4.522025e+01
4.521996e+01
4.522000e+01
4.522036e+01
4.522108e+01
4.522218e+01
4.522370e+01
4.522565e+01
4.522807e+01
4.523098e+01
4.523442e+01
4.523839e+01
4.524289e+01
4.524791e+01
4.525347e+01
4.525955e+01
4.526617e+01
4.527334e+01
4.528108e+01
4.528939e+01
4.529827e+01
4.530771e+01
4.531770e+01
4.532825e+01
4.533938e+01
4.535107e+01
4.536328e+01
4.537603e+01
4.538935e+01
4.540324e+01
4.541768e+01
4.543259e+01
4.544797e+01
4.546381e+01
4.548012e+01
4.549689e+01
4.551408e+01
4.553165e+01
4.554958e+01
4.556786e+01
4.558650e+01
4.560543e+01
4.562462e+01
4.564405e+01
4.566369e+01
4.568353e+01
4.570358e+01
4.572381e+01
4.574420e+01
4.576475e+01
4.578543e+01
4.580622e+01
4.582713e+01
4.584813e+01
4.586917e+01
4.589025e+01
4.591134e+01
4.593241e+01
4.595340e+01
4.597427e+01
4.599499e+01
4.601552e+01
4.603585e+01
4.605596e+01
4.607579e+01
4.609527e+01
4.611433e+01
4.613291e+01
4.615101e+01
4.616861e+01
4.618569e+01
4.620224e+01
4.621821e+01
4.623358e+01
4.624835e+01
4.626250e+01
4.627605e+01
4.628900e+01
4.630137e+01
4.631316e+01
4.632443e+01
4.633519e+01
4.634545e+01
4.635525e+01
4.636458e+01
4.637345e+01
4.638188e+01
4.638989e+01
4.639748e+01
4.640466e+01
4.641138e+01
4.641766e+01
4.642351e+01
4.642894e+01
4.643389e+01
4.643835e+01
4.644228e+01
4.644565e+01
4.644844e+01
4.645062e+01
4.645217e+01
4.645307e+01
4.645328e+01
4.645277e+01
4.645151e+01
4.644950e+01
4.644670e+01
4.644304e+01
4.643848e+01
4.643301e+01
4.642660e+01
4.641924e+01
4.641090e+01
4.640157e+01
4.639124e+01
4.637989e+01
4.636749e+01
4.635403e+01
4.633948e+01
4.632385e+01
4.630713e+01
4.628933e+01
4.627047e+01
4.625058e+01
4.622969e+01
4.620783e+01
4.618504e+01
4.616138e+01
4.613686e+01
4.611152e+01
4.608535e+01
4.605836e+01
4.603057e+01
4.600198e+01
4.597261e+01
4.594245e+01
4.591158e+01
4.588006e+01
4.584793e+01
4.581520e+01
4.578191e+01
4.574807e+01
4.571375e+01
4.567899e+01
4.564380e+01
4.560822e+01
4.557225e+01
4.553590e+01
4.549917e+01
4.546208e+01
4.542467e+01
4.538695e+01
4.534893e+01
4.531063e+01
4.527208e+01
4.523333e+01
4.519441e+01
4.515534e+01
4.511614e+01
4.507686e+01
4.503755e+01
4.499823e+01
4.495893e+01
4.491967e+01
4.488045e+01
4.484133e+01
4.480234e+01
4.476352e+01
4.472492e+01
4.468654e+01
4.464844e+01
4.461066e+01
4.457321e+01
4.453608e+01
4.449929e+01
4.446289e+01
4.442696e+01
4.439150e+01
4.435653e+01
4.432206e+01
4.428809e+01
4.425463e+01
4.422168e+01
4.418922e+01
4.415727e+01
4.412585e+01
4.409498e+01
4.406465e+01
4.403487e+01
4.400565e+01
4.397699e+01
4.394888e+01
4.392133e+01
4.389434e+01
4.386789e+01
4.384195e+01
4.381653e+01
4.379163e+01
4.376725e+01
4.374340e+01
4.372005e+01
4.369721e+01
4.367493e+01
4.365324e+01
4.363213e+01
4.361160e+01
4.359165e+01
4.357230e+01
4.355357e+01
4.353544e+01
4.351793e+01
4.350105e+01
4.348484e+01
4.346930e+01
4.345440e+01
4.344013e+01
4.342645e+01
4.341336e+01
4.340088e+01
4.338907e+01
4.337795e+01
4.336757e+01
4.335795e+01
4.334907e+01
4.334093e+01
4.333353e+01
4.332688e+01
4.332098e+01
4.331583e+01
4.331147e+01
4.330792e+01
4.330519e+01
4.330331e+01
4.330228e+01
4.330217e+01
4.330301e+01
4.330482e+01
4.330761e+01
4.331137e+01
4.331610e+01
4.332181e+01
4.332848e+01
4.333609e+01
4.334462e+01
4.335405e+01
4.336438e+01
4.337558e+01
4.338767e+01
4.340064e+01
4.341449e+01
4.342928e+01
4.344500e+01
4.346167e+01
4.347927e+01
4.349788e+01
4.351752e+01
4.353824e+01
4.356006e+01
4.358302e+01
4.360716e+01
4.363251e+01
4.365910e+01
4.368694e+01
4.371606e+01
4.374647e+01
4.377822e+01
4.381134e+01
4.384585e+01
4.388180e+01
4.391917e+01
4.395795e+01
4.399816e+01
4.403982e+01
4.408292e+01
4.412744e+01
4.417341e+01
4.422083e+01
4.426972e+01
4.432009e+01
4.437193e+01
4.442518e+01
4.447975e+01
4.453561e+01
4.459276e+01
4.465122e+01
4.471101e+01
4.477214e+01
4.483458e+01
4.489833e+01
4.496336e+01
4.502965e+01
4.509718e+01
4.516592e+01
4.523587e+01
4.530708e+01
4.537955e+01
4.545329e+01
4.552827e+01
4.560447e+01
4.568185e+01
4.576041e+01
4.584012e+01
4.592099e+01
4.600302e+01
4.608619e+01
4.617052e+01
4.625605e+01
4.634283e+01
4.643089e+01
4.652023e+01
4.661083e+01
4.670273e+01
4.679594e+01
4.689045e+01
4.698628e+01
4.708345e+01
4.718197e+01
4.728185e+01
4.738307e+01
4.748567e+01
4.758965e+01
4.769503e+01
4.780181e+01
4.790994e+01
4.801945e+01
4.813034e+01
4.824260e+01
4.835622e+01
4.847117e+01
4.858744e+01
4.870504e+01
4.882395e+01
4.894415e+01
4.906564e+01
4.918842e+01
4.931248e+01
4.943781e+01
4.956435e+01
4.969205e+01
4.982089e+01
4.995084e+01
5.008189e+01
5.021401e+01
5.034716e+01
5.048131e+01
5.061642e+01
5.075248e+01
5.088946e+01
5.102734e+01
5.116612e+01
5.130576e+01
5.144627e+01
5.158763e+01
5.172980e+01
5.187274e+01
5.201639e+01
5.216074e+01
5.230580e+01
5.245158e+01
5.259803e+01
5.274511e+01
5.289275e+01
5.304086e+01
5.318939e+01
5.333828e+01
5.348751e+01
5.363701e+01
5.378671e+01
5.393654e+01
5.408645e+01
5.423641e+01
5.438635e+01
5.453621e+01
5.468597e+01
5.483555e+01
5.498487e+01
5.513382e+01
5.528234e+01
5.543041e+01
5.557798e+01
5.572499e+01
5.587141e+01
5.601725e+01
5.616253e+01
5.630721e+01
5.645124e+01
5.659460e+01
5.673726e+01
5.687921e+01
5.702046e+01
5.716100e+01
5.730084e+01
5.743998e+01
5.757841e+01
5.771610e+01
5.785303e+01
5.798916e+01
5.812443e+01
5.825881e+01
5.839229e+01
5.852488e+01
5.865656e+01
5.878731e+01
5.891709e+01
5.904587e+01
5.917365e+01
5.930040e+01
5.942613e+01
5.955084e+01
5.967451e+01
5.979711e+01
5.991861e+01
6.003900e+01
6.015830e+01
6.027658e+01
6.039387e+01
6.051024e+01
6.062573e+01
6.074035e+01
6.085410e+01
6.096694e+01
6.107887e+01
6.118990e+01
6.130003e+01
6.140926e+01
6.151760e+01
6.162506e+01
6.173169e+01
6.183747e+01
6.194236e+01
6.204635e+01
6.214944e+01
6.225163e+01
6.235292e+01
6.245324e+01
6.255256e+01
6.265088e+01
6.274821e+01
6.284453e+01
6.293985e+01
6.303418e+01
6.312752e+01
6.321990e+01
6.331138e+01
6.340195e+01
6.349159e+01
6.358031e+01
6.366810e+01
6.375497e+01
6.384090e+01
6.392588e+01
6.400991e+01
6.409299e+01
6.417510e+01
6.425620e+01
6.433626e+01
6.441530e+01
6.449330e+01
6.457027e+01
6.464623e+01
6.472119e+01
6.479512e+01
6.486804e+01
6.493994e+01
6.501086e+01
6.508083e+01
6.514985e+01
6.521790e+01
6.528497e+01
6.535106e+01
6.541620e+01
6.548040e+01
6.554368e+01
6.560609e+01
6.566765e+01
6.572838e+01
6.578828e+01
6.584738e+01
6.590568e+01
6.596316e+01
6.601985e+01
6.607576e+01
6.613090e+01
6.618528e+01
6.623888e+01
6.629167e+01
6.634363e+01
6.639480e+01
6.644519e+01
6.649480e+01
6.654365e+01
6.659177e+01
6.663915e+01
6.668578e+01
6.673162e+01
6.677669e+01
6.682096e+01
6.686438e+01
6.690695e+01
6.694867e+01
6.698958e+01
6.702970e+01
6.706904e+01
6.710760e+01
6.714541e+01
6.718250e+01
6.721886e+01
6.725447e+01
6.728932e+01
6.732340e+01
6.735669e+01
6.738922e+01
6.742099e+01
6.745204e+01
6.748241e+01
6.751209e+01
6.754110e+01
6.756948e+01
6.759723e+01
6.762431e+01
6.765069e+01
6.767638e+01
6.770137e+01
6.772566e+01
6.774925e+01
6.777212e+01
6.779425e+01
6.781559e+01
6.783611e+01
6.785582e+01
6.787471e+01
6.789275e+01
6.790995e+01
6.792631e+01
6.794182e+01
6.795651e+01
6.797037e+01
6.798341e+01
6.799565e+01
6.800710e+01
6.801778e+01
6.802770e+01
6.803689e+01
6.804537e+01
6.805319e+01
6.806037e+01
6.806694e+01
6.807292e+01
6.807829e+01
6.808304e+01
6.808713e+01
6.809058e+01
6.809340e+01
6.809560e+01
6.809719e+01
6.809817e+01
6.809855e+01
6.809832e+01
6.809745e+01
6.809593e+01
6.809374e+01
6.809090e+01
6.808743e+01
6.808334e+01
6.807860e+01
6.807321e+01
6.806716e+01
6.806046e+01
6.805311e+01
6.804514e+01
6.803658e+01
6.802745e+01
6.801775e+01
6.800746e+01
6.799660e+01
6.798523e+01
6.797339e+01
6.796110e+01
6.794837e+01
6.793521e+01
6.792170e+01
6.790790e+01
6.789384e+01
6.787951e+01
6.786494e+01
6.785012e+01
6.783508e+01
6.781981e+01
6.780429e+01
6.778847e+01
6.777236e+01
6.775594e+01
6.773920e+01
6.772213e+01
6.770471e+01
6.768694e+01
6.766882e+01
6.765043e+01
6.763180e+01
6.761295e+01
6.759384e+01
6.757441e+01
6.755469e+01
6.753469e+01
6.751444e+01
6.749391e+01
6.747311e+01
6.745201e+01
6.743063e+01
6.740900e+01
6.738715e+01
6.736510e+01
6.734287e+01
6.732044e+01
6.729778e+01
6.727486e+01
6.725166e+01
6.722817e+01
6.720438e+01
6.718028e+01
6.715590e+01
6.713122e+01
6.710624e+01
6.708096e+01
6.705542e+01
6.702962e+01
6.700357e+01
6.697726e+01
6.695067e+01
6.692383e+01
6.689672e+01
6.686932e+01
6.684160e+01
6.681356e+01
6.678517e+01
6.675641e+01
6.672727e+01
6.669773e+01
6.666781e+01
6.663749e+01
6.660675e+01
6.657554e+01
6.654380e+01
6.651146e+01
6.647853e+01
6.644506e+01
6.641103e+01
6.637644e+01
6.634131e+01
6.630565e+01
6.626949e+01
6.623288e+01
6.619585e+01
6.615841e+01
6.612061e+01
6.608244e+01
6.604385e+01
6.600483e+01
6.596534e+01
6.592537e+01
6.588487e+01
6.584385e+01
6.580233e+01
6.576025e+01
6.571759e+01
6.567433e+01
6.563046e+01
6.558595e+01
6.554080e+01
6.549501e+01
6.544856e+01
6.540144e+01
6.535361e+01
6.530504e+01
6.525565e+01
6.520543e+01
6.515437e+01
6.510244e+01
6.504964e+01
6.499600e+01
6.494155e+01
6.488629e+01
6.483023e+01
6.477336e+01
6.471569e+01
6.465721e+01
6.459793e+01
6.453781e+01
6.447683e+01
6.441495e+01
6.435216e+01
6.428845e+01
6.422379e+01
6.415820e+01
6.409165e+01
6.402413e+01
6.395564e+01
6.388622e+01
6.381591e+01
6.374472e+01
6.367266e+01
6.359971e+01
6.352587e+01
6.345114e+01
6.337550e+01
6.329895e+01
6.322147e+01
6.314307e+01
6.306377e+01
6.298360e+01
6.290260e+01
6.282078e+01
6.273812e+01
6.265460e+01
6.257020e+01
6.248491e+01
6.239873e+01
6.231166e+01
6.222369e+01
6.213483e+01
6.204513e+01
6.195464e+01
6.186339e+01
6.177140e+01
6.167865e+01
6.158516e+01
6.149095e+01
6.139608e+01
6.130061e+01
6.120459e+01
6.110803e+01
6.101099e+01
6.091350e+01
6.081559e+01
6.071725e+01
6.061849e+01
6.051935e+01
6.041986e+01
6.032007e+01
6.022005e+01
6.011987e+01
6.001957e+01
5.991917e+01
5.981869e+01
5.971813e+01
5.961749e+01
5.951678e+01
5.941601e+01
5.931517e+01
5.921429e+01
5.911340e+01
5.901249e+01
5.891152e+01
5.881050e+01
5.870942e+01
5.860832e+01
5.850725e+01
5.840623e+01
5.830528e+01
5.820443e+01
5.810371e+01
5.800312e+01
5.790265e+01
5.780231e+01
5.770209e+01
5.760198e+01
5.750196e+01
5.740203e+01
5.730219e+01
5.720242e+01
5.710271e+01
5.700304e+01
5.690341e+01
5.680387e+01
5.670442e+01
5.660505e+01
5.650575e+01
5.640654e+01
5.630746e+01
5.620854e+01
5.610975e+01
5.601108e+01
5.591248e+01
5.581393e+01
5.571543e+01
5.561698e+01
5.551861e+01
5.542034e+01
5.532219e+01
5.522415e+01
5.512619e+01
5.502828e+01
5.493040e+01
5.483254e+01
5.473471e+01
5.463692e+01
5.453915e+01
5.444139e+01
5.434362e+01
5.424584e+01
5.414811e+01
5.405045e+01
5.395286e+01
5.385531e+01
5.375781e+01
5.366041e+01
5.356310e+01
5.346589e+01
5.336874e+01
5.327163e+01
5.317454e+01
5.307744e+01
5.298033e+01
5.288319e+01
5.278600e+01
5.268875e+01
5.259145e+01
5.249413e+01
5.239679e+01
5.229943e+01
5.220204e+01
5.210461e+01
5.200711e+01
5.190953e+01
5.181184e+01
5.171402e+01
5.161604e+01
5.151790e+01
5.141959e+01
5.132111e+01
5.122247e+01
5.112371e+01
5.102484e+01
5.092587e+01
5.082680e+01
5.072762e+01
5.062834e+01
5.052896e+01
5.042945e+01
5.032979e+01
5.022999e+01
5.013006e+01
5.003002e+01
4.992987e+01
4.982956e+01
4.972907e+01
4.962839e+01
4.952751e+01
4.942641e+01
4.932507e+01
4.922349e+01
4.912161e+01
4.901943e+01
4.891690e+01
4.881396e+01
4.871060e+01
4.860684e+01
4.850269e+01
4.839820e+01
4.829341e+01
4.818834e+01
4.808298e+01
4.797730e+01
4.787131e+01
4.776500e+01
4.765841e+01
4.755153e+01
4.744436e+01
4.733689e+01
4.722909e+01
4.712095e+01
4.701247e+01
4.690367e+01
4.679461e+01
4.668536e+01
4.657596e+01
4.646642e+01
4.635672e+01
4.624683e+01
4.613674e+01
4.602640e+01
4.591581e+01
4.580496e+01
4.569388e+01
4.558256e+01
4.547101e+01
4.535923e+01
4.524721e+01
4.513494e+01
4.502247e+01
4.490983e+01
4.479705e+01
4.468411e+01
4.457106e+01
4.445791e+01
4.434468e+01
4.423139e+01
4.411805e+01
4.400462e+01
4.389108e+01
4.377744e+01
4.366371e+01
4.354991e+01
4.343606e+01
4.332216e+01
4.320823e+01
4.309424e+01
4.298017e+01
4.286600e+01
4.275169e+01
4.263726e+01
4.252273e+01
4.240808e+01
4.229330e+01
4.217841e+01
4.206344e+01
4.194839e+01
4.183333e+01
4.171831e+01
4.160336e+01
4.148847e+01
4.137364e+01
4.125887e+01
4.114418e+01
4.102960e+01
4.091518e+01
4.080097e+01
4.068697e+01
4.057320e+01
4.045965e+01
4.034628e+01
4.023312e+01
4.012018e+01
4.000744e+01
3.989495e+01
3.978274e+01
3.967084e+01
3.955925e+01
3.944796e+01
3.933692e+01
3.922607e+01
3.911537e+01
3.900483e+01
3.889445e+01
3.878418e+01
3.867401e+01
3.856389e+01
3.845381e+01
3.834376e+01
3.823375e+01
3.812383e+01
3.801402e+01
3.790439e+01
3.779497e+01
3.768577e+01
3.757675e+01
3.746790e+01
3.735918e+01
3.725063e+01
3.714226e+01
3.703406e+01
3.692604e+01
3.681820e+01
3.671054e+01
3.660308e+01
3.649585e+01
3.638891e+01
3.628227e+01
3.617598e+01
3.607005e+01
3.596452e+01
3.585936e+01
3.575459e+01
3.565020e+01
3.554621e+01
3.544264e+01
3.533951e+01
3.523684e+01
3.513460e+01
3.503279e+01
3.493136e+01
3.483028e+01
3.472957e+01
3.462923e+01
3.452931e+01
3.442978e+01
3.433064e+01
3.423186e+01
3.413345e+01
3.403543e+01
3.393783e+01
3.384069e+01
3.374403e+01
3.364787e+01
3.355224e+01
3.345718e+01
3.336274e+01
3.326895e+01
3.317580e+01
3.308327e+01
3.299135e+01
3.290000e+01
3.280925e+01
3.271906e+01
3.262944e+01
3.254038e+01
3.245191e+01
3.236405e+01
3.227680e+01
3.219018e+01
3.210421e+01
3.201891e+01
3.193428e+01
3.185034e+01
3.176713e+01
3.168467e+01
3.160295e+01
3.152194e+01
3.144159e+01
3.136190e+01
3.128286e+01
3.120453e+01
3.112693e+01
3.105005e+01
3.097389e+01
3.089842e+01
3.082362e+01
3.074951e+01
3.067608e+01
3.060334e+01
3.053127e+01
3.045981e+01
3.038889e+01
3.031849e+01
3.024858e+01
3.017914e+01
3.011011e+01
3.004145e+01
2.997313e+01
2.990516e+01
2.983754e+01
2.977030e+01
2.970342e+01
2.963690e+01
2.957072e+01
2.950488e+01
2.943937e+01
2.937421e+01
2.930940e+01
2.924497e+01
2.918092e+01
2.911724e+01
2.905391e+01
2.899094e+01
2.892835e+01
2.886620e+01
2.880446e+01
2.874312e+01
2.868216e+01
2.862150e+01
2.856113e+01
2.850101e+01
2.844117e+01
2.838160e+01
2.832232e+01
2.826327e+01
2.820443e+01
2.814580e+01
2.808738e+01
2.802918e+01
2.797121e+01
2.791350e+01
2.785605e+01
2.779881e+01
2.774170e+01
2.768468e+01
2.762770e+01
2.757075e+01
2.751382e+01
2.745687e+01
2.739990e+01
2.734290e+01
2.728585e+01
2.722871e+01
2.717146e+01
2.711408e+01
2.705656e+01
2.699890e+01
2.694108e+01
2.688306e+01
2.682479e+01
2.676624e+01
2.670737e+01
2.664816e+01
2.658854e+01
2.652848e+01
2.646798e+01
2.640703e+01
2.634565e+01
2.628385e+01
2.622164e+01
2.615903e+01
2.609601e+01
2.603257e+01
2.596870e+01
2.590441e+01
2.583967e+01
2.577448e+01
2.570887e+01
2.564285e+01
2.557644e+01
2.550963e+01
2.544248e+01
2.537503e+01
2.530731e+01
2.523932e+01
2.517107e+01
2.510254e+01
2.503376e+01
2.496474e+01
2.489554e+01
2.482617e+01
2.475666e+01
2.468704e+01
2.461730e+01
2.454743e+01
2.447742e+01
2.440728e+01
2.433696e+01
2.426647e+01
2.419582e+01
2.412500e+01
2.405402e+01
2.398290e+01
2.391165e+01
2.384025e+01
2.376867e+01
2.369689e+01
2.362493e+01
2.355279e+01
2.348050e+01
2.340810e+01
2.333558e+01
2.326296e+01
2.319022e+01
2.311735e+01
2.304437e+01
2.297127e+01
2.289809e+01
2.282484e+01
2.275150e+01
2.267806e+01
2.260452e+01
2.253090e+01
2.245725e+01
2.238360e+01
2.230995e+01
2.223632e+01
2.216270e+01
2.208912e+01
2.201557e+01
2.194205e+01
2.186856e+01
2.179510e+01
2.172168e+01
2.164829e+01
2.157495e+01
2.150168e+01
2.142851e+01
2.135543e+01
2.128250e+01
2.120978e+01
2.113733e+01
2.106516e+01
2.099330e+01
2.092176e+01
2.085055e+01
2.077968e+01
2.070918e+01
2.063906e+01
2.056937e+01
2.050013e+01
2.043135e+01
2.036305e+01
2.029523e+01
2.022791e+01
2.016108e+01
2.009472e+01
2.002882e+01
1.996338e+01
1.989841e+01
1.983392e+01
1.976990e+01
1.970631e+01
1.964310e+01
1.958028e+01
1.951784e+01
1.945578e+01
1.939407e+01
1.933272e+01
1.927176e+01
1.921119e+01
1.915102e+01
1.909122e+01
1.903181e+01
1.897278e+01
1.891415e+01
1.885591e+01
1.879807e+01
1.874062e+01
1.868354e+01
1.862681e+01
1.857041e+01
1.851430e+01
1.845843e+01
1.840281e+01
1.834747e+01
1.829244e+01
1.823772e+01
1.818334e+01
1.812927e+01
1.807551e+01
1.802205e+01
1.796888e+01
1.791597e+01
1.786334e+01
1.781100e+01
1.775895e+01
1.770716e+01
1.765559e+01
1.760424e+01
1.755312e+01
1.750222e+01
1.745154e+01
1.740108e+01
1.735087e+01
1.730092e+01
1.725121e+01
1.720173e+01
1.715246e+01
1.710335e+01
1.705439e+01
1.700556e+01
1.695691e+01
1.690847e+01
1.686025e+01
1.681225e+01
1.676448e+01
1.671693e+01
1.666957e+01
1.662236e+01
1.657529e+01
1.652834e+01
1.648150e+01
1.643478e+01
1.638815e+01
1.634160e+01
1.629513e+01
1.624877e+01
1.620252e+01
1.615638e+01
1.611035e+01
1.606440e+01
1.601850e+01
1.597263e+01
1.592680e+01
1.588099e+01
1.583519e+01
1.578939e+01
1.574355e+01
1.569764e+01
1.565163e+01
1.560550e+01
1.555925e+01
1.551289e+01
1.546645e+01
1.541990e+01
1.537327e+01
1.532658e+01
1.527984e+01
1.523307e+01
1.518628e+01
1.513950e+01
1.509272e+01
1.504599e+01
1.499931e+01
1.495269e+01
1.490615e+01
1.485973e+01
1.481349e+01
1.476745e+01
1.472166e+01
1.467613e+01
1.463087e+01
1.458588e+01
1.454117e+01
1.449674e+01
1.445257e+01
1.440867e+01
1.436500e+01
1.432154e+01
1.427829e+01
1.423526e+01
1.419248e+01
1.414991e+01
1.410751e+01
1.406529e+01
1.402326e+01
1.398146e+01
1.393989e+01
1.389854e+01
1.385738e+01
1.381642e+01
1.377562e+01
1.373497e+01
1.369452e+01
1.365431e+01
1.361438e+01
1.357472e+01
1.353531e+01
1.349615e+01
1.345724e+01
1.341860e+01
1.338019e+01
1.334199e+01
1.330404e+01
1.326633e+01
1.322888e+01
1.319167e+01
1.315473e+01
1.311804e+01
1.308160e+01
1.304541e+01
1.300945e+01
1.297370e+01
1.293817e+01
1.290286e+01
1.286778e+01
1.283293e+01
1.279827e+01
1.276378e+01
1.272946e+01
1.269528e+01
1.266127e+01
1.262745e+01
1.259387e+01
1.256055e+01
1.252753e+01
1.249480e+01
1.246237e+01
1.243023e+01
1.239837e+01
1.236679e+01
1.233547e+01
1.230436e+01
1.227345e+01
1.224279e+01
1.221239e+01
1.218224e+01
1.215232e+01
1.212266e+01
1.209330e+01
1.206430e+01
1.203566e+01
1.200740e+01
1.197953e+01
1.195203e+01
1.192487e+01
1.189802e+01
1.187150e+01
1.184527e+01
1.181931e+01
1.179359e+01
1.176808e+01
1.174276e+01
1.171761e+01
1.169259e+01
1.166770e+01
1.164295e+01
1.161834e+01
1.159384e+01
1.156946e+01
1.154520e+01
1.152106e+01
1.149702e+01
1.147309e+01
1.144926e+01
1.142556e+01
1.140199e+01
1.137856e+01
1.135527e+01
1.133216e+01
1.130928e+01
1.128666e+01
1.126431e+01
1.124222e+01
1.122035e+01
1.119872e+01
1.117733e+01
1.115619e+01
1.113531e+01
1.111469e+01
1.109433e+01
1.107425e+01
1.105449e+01
1.103505e+01
1.101594e+01
1.099714e+01
1.097866e+01
1.096050e+01
1.094266e+01
1.092514e+01
1.090797e+01
1.089115e+01
1.087473e+01
1.085869e+01
1.084302e+01
1.082774e+01
1.081284e+01
1.079829e+01
1.078408e+01
1.077020e+01
1.075662e+01
1.074335e+01
1.073041e+01
1.071777e+01
1.070542e+01
1.069334e+01
1.068154e+01
1.067000e+01
1.065872e+01
1.064767e+01
1.063687e+01
1.062632e+01
1.061601e+01
1.060589e+01
1.059598e+01
1.058629e+01
1.057684e+01
1.056763e+01
1.055866e+01
1.054992e+01
1.054141e+01
1.053311e+01
1.052497e+01
1.051700e+01
1.050916e+01
1.050142e+01
1.049377e+01
1.048621e+01
1.047873e+01
1.047132e+01
1.046400e+01
1.045676e+01
1.044960e+01
1.044248e+01
1.043536e+01
1.042820e+01
1.042096e+01
1.041362e+01
1.040619e+01
1.039868e+01
1.039107e+01
1.038335e+01
1.037549e+01
1.036747e+01
1.035929e+01
1.035096e+01
1.034249e+01
1.033391e+01
1.032520e+01
1.031638e+01
1.030747e+01
1.029847e+01
1.028938e+01
1.028024e+01
1.027105e+01
1.026177e+01
1.025240e+01
1.024296e+01
1.023344e+01
1.022386e+01
1.021418e+01
1.020438e+01
1.019443e+01
1.018427e+01
1.017388e+01
1.016323e+01
1.015228e+01
1.014095e+01
1.012923e+01
1.011709e+01
1.010452e+01
1.009152e+01
1.007809e+01
1.006424e+01
1.004998e+01
1.003531e+01
1.002023e+01
1.000476e+01
9.988925e+00
9.972718e+00
9.956092e+00
9.939018e+00
9.921492e+00
9.903545e+00
9.885220e+00
9.866533e+00
9.847497e+00
9.828137e+00
9.808500e+00
9.788634e+00
9.768571e+00
9.748343e+00
9.727970e+00
9.707430e+00
9.686679e+00
9.665701e+00
9.644511e+00
9.623127e+00
9.601542e+00
9.579730e+00
9.557655e+00
9.535304e+00
9.512672e+00
9.489723e+00
9.466450e+00
9.442884e+00
9.419056e+00
9.394995e+00
9.370713e+00
9.346196e+00
9.321422e+00
9.296378e+00
9.271059e+00
9.245445e+00
9.219512e+00
9.193238e+00
9.166642e+00
9.139792e+00
9.112732e+00
9.085459e+00
9.057937e+00
9.030120e+00
9.001984e+00
8.973517e+00
8.944724e+00
8.915633e+00
8.886291e+00
8.856731e+00
8.826959e+00
8.797011e+00
8.766933e+00
8.736775e+00
8.706598e+00
8.676439e+00
8.646309e+00
8.616222e+00
8.586184e+00
8.556182e+00
8.526206e+00
8.496237e+00
8.466259e+00
8.436263e+00
8.406239e+00
8.376196e+00
8.346165e+00
8.316176e+00
8.286247e+00
8.256381e+00
8.226549e+00
8.196708e+00
8.166842e+00
8.136973e+00
8.107124e+00
8.077305e+00
8.047507e+00
8.017729e+00
7.987994e+00
7.958354e+00
7.928855e+00
7.899530e+00
7.870415e+00
7.841546e+00
7.812945e+00
7.784617e+00
7.756562e+00
7.728780e+00
7.701304e+00
7.674163e+00
7.647360e+00
7.620885e+00
7.594737e+00
7.568934e+00
7.543499e+00
7.518454e+00
7.493805e+00
7.469548e+00
7.445701e+00
7.422291e+00
7.399327e+00
7.376817e+00
7.354772e+00
7.333200e+00
7.312096e+00
7.291427e+00
7.271167e+00
7.251300e+00
7.231800e+00
7.212625e+00
7.193745e+00
7.175159e+00
7.156874e+00
7.138882e+00
7.121178e+00
7.103750e+00
7.086582e+00
7.069649e+00
7.052931e+00
7.036408e+00
7.020046e+00
7.003822e+00
6.987721e+00
6.971726e+00
6.955839e+00
6.940074e+00
6.924431e+00
6.908898e+00
6.893465e+00
6.878121e+00
6.862842e+00
6.847628e+00
6.832493e+00
6.817453e+00
6.802514e+00
6.787682e+00
6.772958e+00
6.758343e+00
6.743836e+00
6.729432e+00
6.715126e+00
6.700913e+00
6.686805e+00
6.672817e+00
6.658962e+00
6.645249e+00
6.631694e+00
6.618293e+00
6.605020e+00
6.591868e+00
6.578851e+00
6.565956e+00
6.553159e+00
6.540441e+00
6.527786e+00
6.515182e+00
6.502619e+00
6.490078e+00
6.477562e+00
6.465080e+00
6.452618e+00
6.440166e+00
6.427738e+00
6.415349e+00
6.403016e+00
6.390761e+00
6.378608e+00
6.366567e+00
6.354633e+00
6.342795e+00
6.331045e+00
6.319370e+00
6.307758e+00
6.296215e+00
6.284733e+00
6.273296e+00
6.261892e+00
6.250509e+00
6.239132e+00
6.227755e+00
6.216384e+00
6.205018e+00
6.193661e+00
6.182325e+00
6.171005e+00
6.159688e+00
6.148374e+00
6.137065e+00
6.125776e+00
6.114528e+00
6.103336e+00
6.092201e+00
6.081118e+00
6.070093e+00
6.059129e+00
6.048209e+00
6.037314e+00
6.026456e+00
6.015682e+00
6.005022e+00
5.994453e+00
5.983947e+00
5.973495e+00
5.963089e+00
5.952745e+00
5.942490e+00
5.932328e+00
5.922270e+00
5.912329e+00
5.902519e+00
5.892835e+00
5.883260e+00
5.873780e+00
5.864404e+00
5.855139e+00
5.845981e+00
5.836937e+00
5.828005e+00
5.819166e+00
5.810417e+00
5.801770e+00
5.793237e+00
5.784833e+00
5.776590e+00
5.768540e+00
5.760692e+00
5.753035e+00
5.745530e+00
5.738110e+00
5.730728e+00
5.723376e+00
5.716068e+00
5.708815e+00
5.701633e+00
5.694532e+00
5.687521e+00
5.680595e+00
5.673745e+00
5.666951e+00
5.660175e+00
5.653423e+00
5.646740e+00
5.640173e+00
5.633735e+00
5.627414e+00
5.621216e+00
5.615147e+00
5.609179e+00
5.603268e+00
5.597394e+00
5.591552e+00
5.585749e+00
5.579989e+00
5.574265e+00
5.568558e+00
5.562837e+00
5.557050e+00
5.551149e+00
5.545129e+00
5.539008e+00
5.532791e+00
5.526470e+00
5.520050e+00
5.513554e+00
5.507008e+00
5.500402e+00
5.493706e+00
5.486908e+00
5.480017e+00
5.473045e+00
5.466022e+00
5.458994e+00
5.451976e+00
5.444954e+00
5.437904e+00
5.430829e+00
5.423772e+00
5.416781e+00
5.409858e+00
5.402991e+00
5.396179e+00
5.389403e+00
5.382613e+00
5.375767e+00
5.368841e+00
5.361830e+00
5.354731e+00
5.347547e+00
5.340278e+00
5.332938e+00
5.325545e+00
5.318099e+00
5.310591e+00
5.303011e+00
5.295332e+00
5.287547e+00
5.279658e+00
5.271657e+00
5.263500e+00
5.255126e+00
5.246499e+00
5.237612e+00
5.228453e+00
5.218999e+00
5.209231e+00
5.199158e+00
5.188794e+00
5.178149e+00
5.167248e+00
5.156125e+00
5.144804e+00
5.133296e+00
5.121625e+00
5.109830e+00
5.097934e+00
5.085943e+00
5.073833e+00
5.061572e+00
5.049173e+00
5.036666e+00
5.024051e+00
5.011325e+00
4.998511e+00
4.985632e+00
4.972658e+00
4.959539e+00
4.946254e+00
4.932820e+00
4.919262e+00
4.905610e+00
4.891902e+00
4.878152e+00
4.864362e+00
4.850532e+00
4.836654e+00
4.822719e+00
4.808716e+00
4.794656e+00
4.780573e+00
4.766487e+00
4.752394e+00
4.738285e+00
4.724136e+00
4.709935e+00
4.695682e+00
4.681357e+00
4.666928e+00
4.652396e+00
4.637786e+00
4.623102e+00
4.608325e+00
4.593442e+00
4.578447e+00
4.563349e+00
4.548152e+00
4.532864e+00
4.517504e+00
4.502104e+00
4.486682e+00
4.471225e+00
4.455711e+00
4.440140e+00
4.424506e+00
4.408789e+00
4.392980e+00
4.377086e+00
4.361104e+00
4.345033e+00
4.328889e+00
4.312694e+00
4.296476e+00
4.280245e+00
4.263990e+00
4.247701e+00
4.231382e+00
4.215038e+00
4.198679e+00
4.182333e+00
4.166041e+00
4.149826e+00
4.133689e+00
4.117614e+00
4.101598e+00
4.085651e+00
4.069793e+00
4.054052e+00
4.038462e+00
4.023050e+00
4.007852e+00
3.992899e+00
3.978199e+00
3.963756e+00
3.949590e+00
3.935713e+00
3.922127e+00
3.908826e+00
3.895821e+00
3.883121e+00
3.870725e+00
3.858637e+00
3.846873e+00
3.835464e+00
3.824447e+00
3.813854e+00
3.803690e+00
3.793934e+00
3.784569e+00
3.775571e+00
3.766905e+00
3.758549e+00
3.750499e+00
3.742741e+00
3.735253e+00
3.728004e+00
3.720993e+00
3.714243e+00
3.707746e+00
3.701508e+00
3.695548e+00
3.689867e+00
3.684448e+00
3.679271e+00
3.674331e+00
3.669607e+00
3.665065e+00
3.660693e+00
3.656492e+00
3.652488e+00
3.648740e+00
3.645284e+00
3.642133e+00
3.639281e+00
3.636718e+00
3.634439e+00
3.632439e+00
3.630716e+00
3.629298e+00
3.628220e+00
3.627505e+00
3.627153e+00
3.627122e+00
3.627357e+00
3.627856e+00
3.628650e+00
3.629768e+00
3.631193e+00
3.632883e+00
3.634826e+00
3.637006e+00
3.639387e+00
3.641964e+00
3.644741e+00
3.647690e+00
3.650761e+00
3.653921e+00
3.657172e+00
3.660533e+00
3.664017e+00
3.667624e+00
3.671363e+00
3.675233e+00
3.679226e+00
3.683322e+00
3.687500e+00
3.691755e+00
3.696089e+00
3.700477e+00
3.704890e+00
3.709301e+00
3.713676e+00
3.717991e+00
3.722248e+00
3.726465e+00
3.730639e+00
3.734764e+00
3.738851e+00
3.742894e+00
3.746866e+00
3.750741e+00
3.754481e+00
3.758054e+00
3.761450e+00
3.764658e+00
3.767667e+00
3.770477e+00
3.773085e+00
3.775517e+00
3.777799e+00
3.779910e+00
3.781803e+00
3.783443e+00
3.784827e+00
3.785952e+00
3.786801e+00
3.787365e+00
3.787642e+00
3.787626e+00
3.787323e+00
3.786746e+00
3.785922e+00
3.784881e+00
3.783645e+00
3.782208e+00
3.780542e+00
3.778610e+00
3.776383e+00
3.773854e+00
3.761133e+00
3.748026e+00
3.734533e+00
3.720655e+00
3.706391e+00
3.691741e+00
3.676706e+00
3.661286e+00
3.645479e+00
3.629288e+00
3.612710e+00
3.595747e+00
3.578398e+00
3.560664e+00
3.542544e+00
3.524039e+00
3.505148e+00
3.485871e+00
3.466209e+00
3.446161e+00
3.425728e+00
3.404909e+00
3.383704e+00
3.362114e+00
3.340138e+00
3.317777e+00
3.295030e+00
3.271897e+00
3.248379e+00
3.224475e+00
3.200186e+00
3.175511e+00
3.150450e+00
3.125004e+00
3.099172e+00
3.072955e+00
3.046352e+00
3.019363e+00
2.991989e+00
2.964229e+00
2.936084e+00
2.907553e+00
2.878637e+00
2.849334e+00
2.819647e+00
2.789573e+00
2.759114e+00
2.728270e+00
2.697040e+00
2.665424e+00
2.633423e+00
2.601036e+00
2.568263e+00
2.535105e+00
2.501562e+00
2.467632e+00
2.433317e+00
2.398617e+00
2.363531e+00
2.328059e+00
2.292202e+00
2.255959e+00
2.219331e+00
2.182317e+00
2.144917e+00
2.107132e+00
2.068961e+00
2.030404e+00
1.991462e+00
1.952135e+00
1.912422e+00
1.872323e+00
1.831838e+00
1.790968e+00
1.749713e+00
1.708071e+00
1.666045e+00
1.623632e+00
1.580834e+00
1.537651e+00
1.494081e+00
1.450127e+00
1.405786e+00
1.361060e+00
1.315949e+00
1.270452e+00
1.224569e+00
1.178300e+00
1.131646e+00
1.084607e+00
1.037182e+00
9.893710e-01
9.411747e-01
8.925928e-01
8.436252e-01
7.942721e-01
7.445334e-01
6.944090e-01
6.438991e-01
