-4.763191e+00
-4.534872e+00
-4.305812e+00
-4.076012e+00
-3.845470e+00
-3.614187e+00
-3.382163e+00
-3.149399e+00
-2.915893e+00
-2.681646e+00
-2.446659e+00
-2.210930e+00
-1.974461e+00
-1.737251e+00
-1.499299e+00
-1.260607e+00
-1.021174e+00
-7.809994e-01
-5.400842e-01
-2.984281e-01
-5.603095e-02
1.871071e-01
4.309861e-01
6.756061e-01
9.209671e-01
1.167069e+00
1.413912e+00
1.661496e+00
1.909820e+00
2.158886e+00
2.408693e+00
2.659240e+00
2.910529e+00
3.162559e+00
3.415329e+00
3.668841e+00
3.923093e+00
4.178086e+00
4.433821e+00
4.690296e+00
4.947512e+00
5.205470e+00
5.464168e+00
5.723607e+00
5.983787e+00
6.244708e+00
6.506370e+00
6.768773e+00
7.031917e+00
7.295802e+00
7.560428e+00
7.825794e+00
8.091902e+00
8.358751e+00
8.626341e+00
8.894671e+00
9.163743e+00
9.433555e+00
9.704109e+00
9.975403e+00
1.024744e+01
1.052022e+01
1.079373e+01
1.106799e+01
1.134299e+01
1.161873e+01
1.189521e+01
1.217243e+01
1.245040e+01
1.272910e+01
1.300855e+01
1.328873e+01
1.356966e+01
1.385133e+01
1.413374e+01
1.441689e+01
1.470078e+01
1.498541e+01
1.527078e+01
1.555689e+01
1.584375e+01
1.613134e+01
1.641968e+01
1.670876e+01
1.699858e+01
1.728914e+01
1.758044e+01
1.787248e+01
1.816526e+01
1.845878e+01
1.875305e+01
1.912374e+01
1.949588e+01
1.986933e+01
2.024394e+01
2.061956e+01
2.099602e+01
2.137296e+01
2.174938e+01
2.212296e+01
2.249052e+01
2.285040e+01
2.320413e+01
2.355476e+01
2.390439e+01
2.425377e+01
2.460302e+01
2.495206e+01
2.530081e+01
2.564916e+01
2.599703e+01
2.634431e+01
2.669090e+01
2.703669e+01
2.738160e+01
2.772552e+01
2.806834e+01
2.840996e+01
2.875027e+01
2.908918e+01
2.942657e+01
2.976233e+01
3.009637e+01
3.042856e+01
3.075881e+01
3.108701e+01
3.141305e+01
3.173682e+01
3.205823e+01
3.237716e+01
3.269352e+01
3.300721e+01
3.331813e+01
3.362617e+01
3.393125e+01
3.423326e+01
3.453209e+01
3.482767e+01
3.511989e+01
3.540866e+01
3.569388e+01
3.597547e+01
3.625333e+01
3.652738e+01
3.679752e+01
3.706368e+01
3.732577e+01
3.758371e+01
3.783741e+01
3.808680e+01
3.833180e+01
3.857233e+01
3.880831e+01
3.903968e+01
3.926637e+01
3.948831e+01
3.970544e+01
3.991770e+01
4.012504e+01
4.032741e+01
4.052477e+01
4.071707e+01
4.090427e+01
4.108633e+01
4.126323e+01
4.143492e+01
4.160138e+01
4.176258e+01
4.191850e+01
4.206911e+01
4.221441e+01
4.235438e+01
4.248902e+01
4.261832e+01
4.274227e+01
4.286089e+01
4.297417e+01
4.308213e+01
4.318477e+01
4.328211e+01
4.337415e+01
4.346092e+01
4.354244e+01
4.361872e+01
4.368979e+01
4.375566e+01
4.381637e+01
4.387196e+01
4.392250e+01
4.396818e+01
4.400922e+01
4.404586e+01
4.407831e+01
4.410670e+01
4.413112e+01
4.415165e+01
4.416836e+01
4.418134e+01
4.419066e+01
4.419640e+01
4.419862e+01
4.419741e+01
4.419281e+01
4.418491e+01
4.417377e+01
4.415944e+01
4.414200e+01
4.412150e+01
4.409799e+01
4.407154e+01
4.404220e+01
4.401002e+01
4.397505e+01
4.393734e+01
4.389693e+01
4.385388e+01
4.380822e+01
4.376002e+01
4.370932e+01
4.365617e+01
4.360063e+01
4.354275e+01
4.348260e+01
4.342023e+01
4.335571e+01
4.328912e+01
4.322051e+01
4.314996e+01
4.307754e+01
4.300333e+01
4.292740e+01
4.284982e+01
4.277068e+01
4.269003e+01
4.260794e+01
4.252450e+01
4.243975e+01
4.235377e+01
4.226661e+01
4.217836e+01
4.208906e+01
4.199878e+01
4.190758e+01
4.181553e+01
4.172268e+01
4.162909e+01
4.153481e+01
4.143990e+01
4.134441e+01
4.124837e+01
4.115182e+01
4.105480e+01
4.095733e+01
4.085944e+01
4.076116e+01
4.066250e+01
4.056349e+01
4.046414e+01
4.036448e+01
4.026454e+01
4.016434e+01
4.006390e+01
3.996324e+01
3.986238e+01
3.976135e+01
3.966016e+01
3.955883e+01
3.945737e+01
3.935579e+01
3.925409e+01
3.915228e+01
3.905035e+01
3.894830e+01
3.884612e+01
3.874380e+01
3.864133e+01
3.853871e+01
3.843592e+01
3.833297e+01
3.822985e+01
3.812655e+01
3.802307e+01
3.791940e+01
3.781555e+01
3.771151e+01
3.760728e+01
3.750286e+01
3.739824e+01
3.729344e+01
3.718843e+01
3.708323e+01
3.697782e+01
3.687220e+01
3.676638e+01
3.666033e+01
3.655406e+01
3.644758e+01
3.634087e+01
3.623393e+01
3.612676e+01
3.601937e+01
3.591176e+01
3.580393e+01
3.569589e+01
3.558765e+01
3.547921e+01
3.537059e+01
3.526180e+01
3.515283e+01
3.504371e+01
3.493442e+01
3.482499e+01
3.471541e+01
3.460568e+01
3.449582e+01
3.438583e+01
3.427571e+01
3.416547e+01
3.405512e+01
3.394466e+01
3.383412e+01
3.372349e+01
3.361280e+01
3.350205e+01
3.339127e+01
3.328047e+01
3.316966e+01
3.305888e+01
3.294814e+01
3.283746e+01
3.272688e+01
3.261641e+01
3.250610e+01
3.239596e+01
3.228604e+01
3.217635e+01
3.206692e+01
3.195778e+01
3.184896e+01
3.174046e+01
3.163233e+01
3.152458e+01
3.141724e+01
3.131033e+01
3.120388e+01
3.109791e+01
3.099246e+01
3.088756e+01
3.078322e+01
3.067949e+01
3.057638e+01
3.047392e+01
3.037213e+01
3.027104e+01
3.017065e+01
3.007100e+01
2.997209e+01
2.987394e+01
2.977656e+01
2.967996e+01
2.958415e+01
2.948914e+01
2.939494e+01
2.930153e+01
2.920894e+01
2.911714e+01
2.902616e+01
2.893597e+01
2.884658e+01
2.875799e+01
2.867019e+01
2.858316e+01
2.849691e+01
2.841141e+01
2.832666e+01
2.824264e+01
2.815935e+01
2.807677e+01
2.799489e+01
2.791370e+01
2.783320e+01
2.775339e+01
2.767426e+01
2.759581e+01
2.751803e+01
2.744094e+01
2.736453e+01
2.728880e+01
2.721375e+01
2.713940e+01
2.706574e+01
2.699278e+01
2.692054e+01
2.684901e+01
2.677820e+01
2.670812e+01
2.663877e+01
2.657016e+01
2.650229e+01
2.643515e+01
2.636875e+01
2.630309e+01
2.623816e+01
2.617395e+01
2.611047e+01
2.604771e+01
2.598566e+01
2.592430e+01
2.586364e+01
2.580364e+01
2.574431e+01
2.568562e+01
2.562756e+01
2.557011e+01
2.551327e+01
2.545700e+01
2.540131e+01
2.534617e+01
2.529156e+01
2.523748e+01
2.518390e+01
2.513080e+01
2.507818e+01
2.502601e+01
2.497428e+01
2.492297e+01
2.487206e+01
2.482155e+01
2.477142e+01
2.472166e+01
2.467226e+01
2.462321e+01
2.457452e+01
2.452617e+01
2.447817e+01
2.443051e+01
2.438321e+01
2.433625e+01
2.428965e+01
2.424339e+01
2.419750e+01
2.415196e+01
2.410678e+01
2.406196e+01
2.401751e+01
2.397344e+01
2.392973e+01
2.388641e+01
2.384348e+01
2.380094e+01
2.375882e+01
2.371712e+01
2.367586e+01
2.363506e+01
2.359474e+01
2.355490e+01
2.351558e+01
2.347678e+01
2.343853e+01
2.340084e+01
2.336374e+01
2.332723e+01
2.329135e+01
2.325611e+01
2.322152e+01
2.318762e+01
2.315441e+01
2.312193e+01
2.309018e+01
2.305920e+01
2.302901e+01
2.299964e+01
2.297110e+01
2.294343e+01
2.291665e+01
2.289079e+01
2.286587e+01
2.284193e+01
2.281898e+01
2.279707e+01
2.277620e+01
2.275642e+01
2.273773e+01
2.272018e+01
2.270378e+01
2.268855e+01
2.267452e+01
2.266171e+01
2.265014e+01
2.263984e+01
2.263083e+01
2.262314e+01
2.261678e+01
2.261179e+01
2.260819e+01
2.260600e+01
2.260525e+01
2.260597e+01
2.260818e+01
2.261191e+01
2.261718e+01
2.262403e+01
2.263246e+01
2.264251e+01
2.265421e+01
2.266756e+01
2.268260e+01
2.269935e+01
2.271783e+01
2.273806e+01
2.276006e+01
2.278384e+01
2.280943e+01
2.283685e+01
2.286611e+01
2.289723e+01
2.293025e+01
2.296517e+01
2.300202e+01
2.304083e+01
2.308161e+01
2.312438e+01
2.316918e+01
2.321600e+01
2.326488e+01
2.331581e+01
2.336882e+01
2.342390e+01
2.348106e+01
2.354031e+01
2.360165e+01
2.366508e+01
2.373060e+01
2.379820e+01
2.386788e+01
2.393962e+01
2.401343e+01
2.408928e+01
2.416715e+01
2.424704e+01
2.432890e+01
2.441273e+01
2.449850e+01
2.458618e+01
2.467575e+01
2.476718e+01
2.486044e+01
2.495550e+01
2.505234e+01
2.515092e+01
2.525121e+01
2.535319e+01
2.545683e+01
2.556208e+01
2.566891e+01
2.577729e+01
2.588718e+01
2.599853e+01
2.611129e+01
2.622541e+01
2.634084e+01
2.645752e+01
2.657539e+01
2.669439e+01
2.681445e+01
2.693549e+01
2.705745e+01
2.718025e+01
2.730381e+01
2.742804e+01
2.755286e+01
2.767818e+01
2.780392e+01
2.792998e+01
2.805626e+01
2.818269e+01
2.830915e+01
2.843556e+01
2.856182e+01
2.868783e+01
2.881350e+01
2.893872e+01
2.906339e+01
2.918741e+01
2.931069e+01
2.943311e+01
2.955457e+01
2.967499e+01
2.979425e+01
2.991227e+01
3.002894e+01
3.014417e+01
3.025787e+01
3.036994e+01
3.048030e+01
3.058886e+01
3.069553e+01
3.080022e+01
3.090286e+01
3.100335e+01
3.110162e+01
3.119759e+01
3.129119e+01
3.138233e+01
3.147094e+01
3.155695e+01
3.164028e+01
3.172088e+01
3.179866e+01
3.187356e+01
3.194552e+01
3.201446e+01
3.208033e+01
3.214306e+01
3.220259e+01
3.225886e+01
3.231181e+01
3.236139e+01
3.240755e+01
3.245024e+01
3.248941e+01
3.252501e+01
3.255701e+01
3.258536e+01
3.261003e+01
3.263097e+01
3.264816e+01
3.266156e+01
3.267114e+01
3.267689e+01
3.267877e+01
3.267677e+01
3.267087e+01
3.266105e+01
3.264731e+01
3.262964e+01
3.260801e+01
3.258244e+01
3.255291e+01
3.251943e+01
3.248200e+01
3.244061e+01
3.239527e+01
3.234599e+01
3.229277e+01
3.223563e+01
3.217458e+01
3.210964e+01
3.204081e+01
3.196812e+01
3.189160e+01
3.181125e+01
3.172713e+01
3.163924e+01
3.154762e+01
3.145231e+01
3.135335e+01
3.125076e+01
3.114460e+01
3.103491e+01
3.092173e+01
3.080510e+01
3.068509e+01
3.056173e+01
3.043508e+01
3.030520e+01
3.017214e+01
3.003596e+01
2.989672e+01
2.975448e+01
2.960930e+01
2.946125e+01
2.931039e+01
2.915678e+01
2.900050e+01
2.884161e+01
2.868019e+01
2.851630e+01
2.835002e+01
2.818141e+01
2.801056e+01
2.783753e+01
2.766239e+01
2.748523e+01
2.730611e+01
2.712511e+01
2.694230e+01
2.675776e+01
2.657156e+01
2.638378e+01
2.619449e+01
2.600377e+01
2.581169e+01
2.561834e+01
2.542379e+01
2.522811e+01
2.503139e+01
2.483370e+01
2.463511e+01
2.443570e+01
2.423555e+01
2.403473e+01
2.383332e+01
2.363138e+01
2.342898e+01
2.322621e+01
2.302313e+01
2.281981e+01
2.261632e+01
2.241273e+01
2.220910e+01
2.200550e+01
2.180200e+01
2.159866e+01
2.139553e+01
2.119269e+01
2.099018e+01
2.078807e+01
2.058642e+01
2.038528e+01
2.018471e+01
1.998476e+01
1.978549e+01
1.958695e+01
1.938919e+01
1.919226e+01
1.899619e+01
1.880105e+01
1.860686e+01
1.841367e+01
1.822152e+01
1.803043e+01
1.784045e+01
1.765160e+01
1.746391e+01
1.727741e+01
1.709212e+01
1.690807e+01
1.672528e+01
1.654377e+01
1.636356e+01
1.618466e+01
1.600710e+01
1.583088e+01
1.565601e+01
1.548252e+01
1.531041e+01
1.513968e+01
1.497035e+01
1.480243e+01
1.463591e+01
1.447081e+01
1.430712e+01
1.414485e+01
1.398400e+01
1.382457e+01
1.366657e+01
1.350999e+01
1.335484e+01
1.320112e+01
1.304883e+01
1.289797e+01
1.274855e+01
1.260057e+01
1.245404e+01
1.230895e+01
1.216532e+01
1.202314e+01
1.188243e+01
1.174318e+01
1.160540e+01
1.146908e+01
1.133424e+01
1.120086e+01
1.106896e+01
1.093853e+01
1.080957e+01
1.068209e+01
1.055607e+01
1.043152e+01
1.030843e+01
1.018680e+01
1.006662e+01
9.947878e+00
9.830573e+00
9.714692e+00
9.600228e+00
9.487169e+00
9.375508e+00
9.265234e+00
9.156339e+00
9.048817e+00
8.942658e+00
8.837858e+00
8.734407e+00
8.632300e+00
8.531529e+00
8.432085e+00
8.333959e+00
8.237142e+00
8.141624e+00
8.047395e+00
7.954445e+00
7.862762e+00
7.772337e+00
7.683156e+00
7.595209e+00
7.508483e+00
7.422965e+00
7.338640e+00
7.255493e+00
7.173509e+00
7.092672e+00
7.012965e+00
6.934370e+00
6.856870e+00
6.780448e+00
6.705087e+00
6.630769e+00
6.557477e+00
6.485194e+00
6.413903e+00
6.343589e+00
6.274236e+00
6.205828e+00
6.138352e+00
6.071792e+00
6.006134e+00
5.941364e+00
5.877467e+00
5.814433e+00
5.752254e+00
5.690923e+00
5.630433e+00
5.570771e+00
5.511924e+00
5.453876e+00
5.396611e+00
5.340114e+00
5.284369e+00
5.229359e+00
5.175069e+00
5.121483e+00
5.068585e+00
5.016360e+00
4.964791e+00
4.913863e+00
4.863558e+00
4.813862e+00
4.764756e+00
4.716226e+00
4.668255e+00
4.620827e+00
4.573925e+00
4.527534e+00
4.481639e+00
4.436225e+00
4.391277e+00
4.346781e+00
4.302723e+00
4.259091e+00
4.215873e+00
4.173059e+00
4.130639e+00
4.088605e+00
4.046950e+00
4.005668e+00
3.964756e+00
3.924207e+00
3.884020e+00
3.844191e+00
3.804716e+00
3.765593e+00
3.726820e+00
3.688394e+00
3.650312e+00
3.612570e+00
3.575167e+00
3.538097e+00
3.501359e+00
3.464948e+00
3.428862e+00
3.393096e+00
3.357649e+00
3.322517e+00
3.287696e+00
3.253184e+00
3.218975e+00
3.185067e+00
3.151455e+00
3.118136e+00
3.085107e+00
3.052364e+00
3.019905e+00
2.987725e+00
2.955823e+00
2.924194e+00
2.892836e+00
2.861743e+00
2.830913e+00
2.800340e+00
2.770023e+00
2.739956e+00
2.710138e+00
2.680564e+00
2.651232e+00
2.622137e+00
2.593277e+00
2.564647e+00
2.536244e+00
2.508064e+00
2.480102e+00
2.452356e+00
2.424820e+00
2.397491e+00
2.370372e+00
2.343496e+00
2.317035e+00
2.291425e+00
2.267263e+00
2.244794e+00
2.223587e+00
2.202918e+00
2.182295e+00
2.161534e+00
2.140597e+00
2.119485e+00
2.098205e+00
2.076763e+00
2.055168e+00
2.028962e+00
2.002929e+00
1.977071e+00
1.951386e+00
1.925875e+00
1.900539e+00
1.875376e+00
1.850387e+00
1.825572e+00
1.800931e+00
1.776463e+00
1.752170e+00
1.728051e+00
1.704105e+00
1.680334e+00
1.656736e+00
1.633312e+00
1.610062e+00
1.586986e+00
1.564084e+00
1.541356e+00
1.518802e+00
1.496421e+00
1.474215e+00
1.452182e+00
1.430324e+00
1.408639e+00
1.387128e+00
1.365791e+00
1.344628e+00
1.323639e+00
1.302824e+00
1.282183e+00
1.261715e+00
1.241422e+00
1.221302e+00
1.201357e+00
1.181585e+00
1.161987e+00
1.142563e+00
1.123313e+00
1.104237e+00
1.085335e+00
1.066607e+00
1.048052e+00
1.029672e+00
1.011465e+00
9.934326e-01
9.755738e-01
9.578890e-01
9.403780e-01
9.230410e-01
9.058779e-01
8.888887e-01
8.720734e-01
8.554320e-01
8.389645e-01
8.226709e-01
8.065512e-01
7.906054e-01
7.748336e-01
7.592356e-01
7.438116e-01
7.285614e-01
7.134852e-01
6.985829e-01
6.838544e-01
6.692999e-01
6.549193e-01
6.407126e-01
6.266798e-01
6.128210e-01
5.991360e-01
5.856249e-01
5.722878e-01
5.591245e-01
5.461352e-01
5.333197e-01
5.206782e-01
5.082106e-01
4.959169e-01
4.837971e-01
4.718512e-01
4.600792e-01
4.484811e-01
4.370569e-01
4.258067e-01
4.147303e-01
4.038278e-01
3.930993e-01
