       0
3.656954e-02
1.391854e-01
2.972086e-01
5.000000e-01
9.530433e-01
1.661658e+00
3.362858e+00
5.524068e+00
7.989018e+00
1.051312e+01
1.292227e+01
1.512412e+01
1.716623e+01
1.917437e+01
2.125581e+01
2.346974e+01
2.587787e+01
2.853193e+01
3.145467e+01
3.464628e+01
3.814717e+01
4.204035e+01
4.621914e+01
5.061726e+01
5.519534e+01
5.991523e+01
6.469002e+01
6.948346e+01
7.419106e+01
7.867734e+01
8.273113e+01
8.611996e+01
8.855096e+01
8.984392e+01
9.006266e+01
8.945101e+01
8.825239e+01
8.668956e+01
8.503234e+01
8.345476e+01
8.214673e+01
8.121357e+01
8.063386e+01
8.026332e+01
7.992028e+01
7.963754e+01
7.933578e+01
7.886738e+01
7.813576e+01
7.726230e+01
7.653007e+01
7.615867e+01
7.628845e+01
7.688313e+01
7.779239e+01
7.881599e+01
7.965570e+01
7.999759e+01
7.964592e+01
7.866292e+01
7.720773e+01
7.531104e+01
7.313230e+01
7.089178e+01
6.877757e+01
6.686872e+01
6.514633e+01
6.354275e+01
6.214141e+01
6.098744e+01
5.998350e+01
5.896996e+01
5.790926e+01
5.688978e+01
5.602747e+01
5.540784e+01
5.505529e+01
5.489693e+01
5.494056e+01
5.510266e+01
5.515899e+01
5.499470e+01
5.460855e+01
5.394758e+01
5.314558e+01
5.238468e+01
5.175188e+01
5.122147e+01
5.076358e+01
5.033932e+01
4.980857e+01
4.919915e+01
4.855661e+01
4.783872e+01
4.706954e+01
4.636856e+01
4.581793e+01
4.542349e+01
4.518873e+01
4.508571e+01
4.508461e+01
4.515792e+01
4.522661e+01
4.525386e+01
4.522426e+01
4.525347e+01
4.544797e+01
4.578543e+01
4.615101e+01
4.638188e+01
4.645151e+01
4.627047e+01
4.578191e+01
4.511614e+01
4.442696e+01
4.386789e+01
4.348484e+01
4.330792e+01
4.340064e+01
4.381134e+01
4.465122e+01
4.592099e+01
4.758965e+01
4.969205e+01
5.216074e+01
5.483555e+01
5.743998e+01
5.979711e+01
6.183747e+01
6.358031e+01
6.501086e+01
6.613090e+01
6.698958e+01
6.759723e+01
6.797037e+01
6.809719e+01
6.801775e+01
6.777236e+01
6.743063e+01
6.700357e+01
6.647853e+01
6.580233e+01
6.494155e+01
6.381591e+01
6.239873e+01
6.071725e+01
5.891152e+01
5.710271e+01
5.532219e+01
5.356310e+01
5.181184e+01
5.003002e+01
4.818834e+01
4.624683e+01
4.423139e+01
4.217841e+01
4.012018e+01
3.812383e+01
3.617598e+01
3.433064e+01
3.262944e+01
3.112693e+01
2.983754e+01
2.868216e+01
2.762770e+01
2.658854e+01
2.544248e+01
2.419582e+01
2.289809e+01
2.157495e+01
2.029523e+01
1.915102e+01
1.812927e+01
1.720173e+01
1.634160e+01
1.551289e+01
1.467613e+01
1.389854e+01
1.319167e+01
1.256055e+01
1.200740e+01
1.154520e+01
1.113531e+01
1.081284e+01
1.059598e+01
1.044960e+01
1.030747e+01
1.012923e+01
9.847497e+00
9.466450e+00
9.001984e+00
8.466259e+00
7.928855e+00
7.445701e+00
7.086582e+00
6.802514e+00
6.553159e+00
6.331045e+00
6.125776e+00
5.932328e+00
5.768540e+00
5.640173e+00
5.532791e+00
5.409858e+00
5.279658e+00
5.097934e+00
4.864362e+00
4.608325e+00
4.328889e+00
4.038462e+00
3.803690e+00
3.461416e+00
3.081105e+00
2.662583e+00
2.205973e+00
1.711473e+00
1.179019e+00
6.085487e-01
       0
