-9.046717e-02
2.882850e-01
-1.947628e-01
8.369602e-01
1.496633e-01
-8.536543e-02
-1.825676e-01
-2.631116e-01
-1.340515e+00
5.836958e-01
4.026795e-01
-1.155966e+00
4.727146e-01
-8.927371e-02
-2.012616e-01
-1.770070e+00
-1.398921e+00
-2.181675e-02
-3.433996e-01
2.426055e+00
-3.372577e-01
-1.313179e+00
1.556291e+00
9.414682e-01
-2.173000e+00
-4.115892e-01
1.073904e+00
-7.176526e-01
-9.826543e-01
1.328645e+00
-5.143738e-01
6.789926e-01
6.216436e-01
1.807461e+00
1.946574e-01
1.007805e+00
-1.344141e+00
-8.724313e-01
1.680310e+00
-2.654325e-01
-5.518187e-01
-1.027605e+00
-6.654427e-01
9.222081e-01
-1.614380e+00
-1.586164e+00
-2.604697e-02
-2.510941e+00
-1.159828e+00
-1.696500e+00
9.625843e-01
1.897304e+00
-1.703266e+00
-5.976306e-01
-1.390709e+00
-1.683559e+00
-9.892736e-01
1.199043e-01
1.591838e+00
5.291444e-01
1.474167e+00
2.087464e-01
4.331462e-02
-2.556980e+00
2.018346e+00
5.221672e-01
-4.097432e-01
4.563370e-01
-1.558776e+00
-9.967867e-01
1.506133e+00
1.495607e+00
6.679619e-01
6.752689e-02
1.360873e+00
-8.355012e-01
9.776063e-01
-1.265040e-01
8.962671e-01
-6.208096e-01
8.656934e-01
-1.408296e+00
-3.933229e-02
1.777583e+00
-3.069408e-01
1.225132e+00
4.365933e-01
8.888612e-01
-8.528234e-01
8.533542e-01
1.175991e+00
6.203467e-01
4.714044e-01
-1.279138e+00
3.222858e-01
7.818842e-02
-9.274826e-01
-2.006993e+00
5.376444e-02
1.261820e-01
3.848023e-01
1.599232e+00
1.334183e+00
-1.572407e-01
5.688697e-01
-6.042244e-01
-1.320268e+00
2.710468e-01
-8.240253e-01
-1.947074e+00
-4.717920e-01
-5.458128e-01
-1.163879e+00
1.472075e+00
-1.582083e+00
-3.376685e-01
1.094301e+00
-7.383101e-01
4.736132e-01
8.958927e-01
-7.130021e-02
2.230003e+00
-7.401039e-02
-2.253872e+00
4.424840e-01
-4.904380e-01
1.165342e+00
4.587147e-01
1.129883e+00
-5.742170e-01
-1.374152e+00
1.834862e+00
-8.221179e-02
-1.627803e-01
-1.190111e+00
5.844870e-01
-1.911028e+00
-6.914963e-01
7.888119e-01
-7.909241e-01
-2.180050e+00
-4.414578e-02
4.139573e-01
-3.188886e-01
-7.822861e-01
1.266780e+00
-1.264547e-01
-6.841813e-02
-5.208223e-01
-2.641006e+00
-9.144332e-01
-4.561373e-01
-4.906425e-01
1.953364e+00
2.017646e+00
5.196215e-01
-6.414070e-01
2.744160e-01
1.551557e+00
-1.162434e+00
3.680703e-01
5.212064e-01
1.108108e+00
9.775204e-01
-2.276524e-01
8.213100e-01
-2.059312e+00
-9.882629e-01
-1.331713e+00
3.175293e-01
-1.197139e+00
4.285722e-01
-1.590135e-01
-5.982121e-01
7.469270e-01
-7.628113e-01
5.222718e-01
6.357442e-01
-3.600886e-01
-1.598750e+00
7.513160e-01
-1.870628e+00
-3.688401e-01
-6.780547e-01
1.363672e+00
7.687282e-01
1.647059e+00
-3.774463e-01
-7.358277e-01
4.504261e-01
3.892245e-01
-9.338946e-01
9.968862e-01
-9.390819e-01
1.020094e+00
1.278583e+00
8.705975e-01
-1.531081e+00
6.537300e-01
1.630378e+00
-5.221181e-01
1.116535e+00
-8.214514e-01
-1.372642e+00
-7.965575e-01
-1.019772e+00
4.198834e-01
5.933656e-01
-1.158385e-01
1.284618e-01
9.541741e-01
1.659463e+00
1.065618e+00
7.001935e-02
5.190973e-01
-1.738757e+00
-6.253912e-01
-6.258610e-01
1.378405e+00
-5.434889e-01
-3.550131e-01
2.787764e-01
-1.325421e+00
2.313613e-01
-1.054696e+00
4.280828e-01
5.782203e-01
-5.028993e-02
-6.593901e-01
-1.168329e+00
-2.308226e+00
-9.347989e-01
1.275049e+00
9.171270e-02
1.303062e+00
5.014261e-01
1.024676e+00
1.833259e+00
3.030037e-01
-1.563475e-01
1.032667e+00
2.109108e+00
8.738404e-01
3.709174e-01
1.384247e-01
2.861221e-01
1.042816e-01
3.760662e-01
-2.012923e+00
7.281733e-02
-7.278358e-01
1.135470e+00
-1.202267e+00
1.636851e-02
-3.570890e-01
4.690864e-01
9.417790e-02
4.177265e-01
4.712894e-01
-3.970684e-01
-4.903369e-01
-4.109698e-01
2.793651e-02
-3.852894e-01
1.716300e+00
6.128436e-03
-1.058527e+00
-8.581292e-01
-9.374868e-02
-1.443077e+00
-1.350584e+00
-5.354772e-01
-9.185679e-01
7.415994e-01
-1.368873e+00
-3.282574e-01
4.240692e-02
-1.291644e-01
-1.323991e-01
-3.389545e-01
1.596871e+00
-5.205674e-01
7.629568e-01
3.221602e-01
5.553817e-01
-2.264276e-01
3.174042e-01
-1.850121e+00
-1.464480e-01
1.379241e-01
4.168665e-01
8.254487e-01
1.568686e+00
4.499704e-01
1.657276e+00
-8.048635e-01
-5.529920e-01
7.017972e-01
-4.457680e-01
-1.660603e+00
-2.673405e-01
-2.878178e-01
-1.656272e+00
1.022801e+00
-1.347242e-01
1.109039e+00
1.782477e-01
7.235473e-02
-1.354568e+00
-1.283449e+00
2.500637e-01
1.162548e+00
6.262429e-01
-7.399009e-01
8.146521e-01
-8.058419e-01
1.313533e+00
2.629771e+00
-4.322211e-01
1.014927e+00
-6.218712e-01
-1.403946e-01
1.340002e+00
6.138183e-02
3.802123e-01
3.317821e+00
1.152635e+00
4.726679e-01
-3.504137e-01
1.003194e+00
-6.955667e-01
1.127700e+00
-4.659320e-01
9.168252e-01
-1.098511e+00
-4.037762e-02
1.405500e-01
-2.733615e-01
-2.523660e-01
-3.124015e-01
1.349148e+00
-6.486249e-01
2.653073e-01
-1.581659e+00
-1.961635e+00
-3.312242e-01
1.435163e-01
4.264424e-01
5.429622e-01
2.887026e-01
-9.569850e-01
6.324386e-01
-1.741400e+00
-1.812044e+00
2.155429e+00
-7.348082e-01
1.269817e+00
-8.598691e-01
8.821628e-01
-2.065441e+00
-5.638605e-01
-1.390860e+00
-1.611942e-01
-1.768164e+00
-9.068461e-01
-1.833974e-01
1.425398e-01
2.112827e+00
5.099112e-01
-2.602658e-01
-1.132497e+00
1.029358e+00
-5.256043e-01
2.150376e+00
-1.807688e+00
1.160477e+00
1.049629e-01
-1.557271e-01
8.237316e-02
-1.153127e-01
-3.141319e-01
-6.370232e-01
1.460943e-01
7.750061e-01
4.887849e-01
4.991290e-01
3.715990e-01
-1.314157e+00
5.886781e-01
-5.817776e-01
4.077642e-01
-5.318785e-01
5.251826e-01
2.345086e-01
-1.239411e+00
5.821150e-01
1.445793e+00
-8.847970e-01
-6.633393e-01
-8.329538e-01
-9.064169e-02
-1.246084e+00
-3.201692e-01
-1.736611e+00
-3.630110e-01
-2.163199e-01
1.822173e+00
-4.155689e-01
-7.773020e-02
-2.497198e-01
-1.492642e-01
-1.764511e-02
1.020820e+00
5.939348e-01
-9.581156e-03
-2.072546e+00
-1.270357e+00
9.928911e-01
-1.410528e+00
2.088589e+00
1.924962e+00
6.318167e-01
2.841291e-01
-5.442161e-01
4.527523e-01
-2.479829e-02
-9.915044e-02
4.948258e-02
5.449332e-01
-6.119257e-01
9.104239e-01
3.959618e-01
1.562742e+00
-2.775086e+00
-7.144955e-01
5.899609e-01
2.814713e-01
-6.286861e-01
-2.790397e-01
-5.756352e-01
-4.022435e-01
-6.867501e-01
4.728446e-01
-3.932283e-01
4.985329e-01
-4.574249e-01
8.301592e-01
-1.380304e-01
-1.848337e-01
2.242317e-01
-2.457435e+00
1.046323e+00
-4.039226e-01
-2.744417e-01
8.041315e-02
4.585403e-01
-9.803949e-02
-1.193483e+00
8.617093e-02
4.773790e-01
-2.090093e-01
-9.767623e-01
-1.435450e+00
-2.335821e+00
-2.042662e-01
4.376584e-01
-2.045867e+00
3.311192e-01
-2.042754e+00
-1.464223e+00
-7.160759e-01
1.236004e+00
4.611312e-01
3.219713e-01
-9.434575e-01
7.767626e-05
-2.145448e-01
1.877286e+00
1.199697e-02
1.178304e+00
2.843258e-01
4.392859e-02
-5.485270e-01
3.050443e-01
8.743386e-01
1.621432e+00
-1.347200e+00
-8.097607e-01
-9.372805e-01
-1.687264e+00
-2.120324e+00
2.908081e+00
-8.549471e-01
1.548415e+00
3.379386e-01
4.136359e-01
1.335953e+00
-8.298032e-01
-1.272644e-01
2.685419e-01
3.908233e-02
1.810272e+00
-2.979244e-01
1.766316e-01
-7.812190e-01
8.809114e-01
-1.716644e-01
-7.889555e-01
-1.704574e-01
1.168644e+00
-5.457063e-01
-5.766764e-01
6.429222e-01
-4.970677e-01
-7.488472e-01
8.660841e-01
8.348420e-01
-1.385303e+00
7.943883e-01
7.423859e-01
1.361794e+00
1.405182e+00
2.974390e-01
-8.074894e-01
-1.552939e-01
1.433682e-01
-3.853239e-01
4.387188e-01
-1.100063e+00
-6.858697e-01
-9.092934e-02
1.089357e-01
-9.691131e-02
6.216928e-01
1.626592e-01
-5.314695e-01
1.533826e+00
-1.881679e+00
2.000672e+00
-1.148255e+00
-5.429592e-01
5.924817e-02
8.152761e-01
1.582953e-02
4.753618e-01
-6.383168e-02
8.228669e-02
-5.968274e-01
9.961595e-01
1.870265e+00
-9.378188e-01
2.712984e-01
-1.531412e+00
-1.226304e+00
1.204755e+00
1.235634e-01
-4.843632e-01
-2.595122e-01
9.267133e-01
-1.253154e+00
1.798726e+00
-1.830037e-01
2.091981e-02
1.186923e+00
-1.351887e+00
9.970118e-01
3.953408e-01
7.953998e-01
2.427240e-01
2.669941e-01
5.164362e-01
-9.687805e-01
-8.007398e-01
-5.926963e-01
-3.957822e-01
6.175165e-01
3.129633e-01
-1.319507e+00
-1.134831e-01
-1.307807e-01
-1.604977e+00
7.377958e-01
-1.726683e+00
6.357436e-01
-9.519283e-01
-8.411514e-01
-2.069135e+00
-1.417463e+00
-8.877999e-01
5.474478e-01
1.044254e+00
-2.748881e+00
4.357556e-01
2.367999e+00
-1.745624e+00
2.524271e-01
-3.711012e-01
4.182523e-01
2.198435e-01
4.803923e-01
-6.420267e-01
8.363140e-01
-1.751577e-01
-5.718008e-01
1.099124e-01
3.806845e-01
3.231198e-01
1.183407e+00
5.750533e-01
3.338149e-01
-1.268633e+00
1.074919e+00
3.096491e-01
-1.384547e+00
-7.820273e-01
-2.421778e-01
-3.507706e-01
1.580012e+00
1.310590e+00
-6.358328e-02
-3.199307e-01
-8.365292e-01
1.676809e+00
-1.254233e+00
8.500329e-01
2.892804e-01
-3.174199e-01
5.673626e-01
1.110116e+00
-2.031960e+00
1.850690e+00
6.004188e-01
2.956586e-01
-1.806142e-01
3.515270e-01
-6.229545e-01
5.477709e-01
-1.138557e+00
8.061342e-01
1.815352e-01
6.563374e-01
1.656700e+00
-3.432982e-01
-4.631398e-01
-8.211297e-01
6.706699e-02
1.331078e+00
2.030919e-01
6.455907e-01
-1.839111e+00
9.211819e-01
2.160391e-01
6.673239e-01
-5.991191e-01
-1.078215e+00
3.507049e-01
-1.676118e+00
6.993966e-01
3.118973e-01
2.839832e-01
2.653860e-02
-2.217056e-01
7.555200e-01
1.925866e+00
-5.529795e-01
-2.058074e-01
1.340046e+00
8.535204e-02
-5.746775e-01
9.606944e-01
-5.588260e-01
1.260903e-02
-1.942543e-01
-5.265700e-01
-1.239508e-01
-9.094324e-01
-2.545385e-01
-9.781309e-01
-1.984723e-01
-9.930192e-01
1.226475e+00
-8.303103e-01
-1.208059e+00
3.948477e-01
-4.736457e-01
4.805431e-01
-5.386247e-01
-1.309410e-01
-1.315133e+00
5.412082e-01
5.003919e-01
-1.455728e+00
2.117599e-01
-1.348314e+00
4.075444e-01
-7.483701e-02
-9.695051e-01
-4.452034e-01
8.423361e-01
-1.637593e+00
-2.223842e-01
-2.542811e-01
7.778460e-02
-9.126958e-01
1.539098e-01
-4.052741e-01
-1.163097e+00
4.776869e-01
-1.047199e+00
1.117611e+00
8.735512e-01
-5.808489e-01
1.275608e+00
1.293618e-01
7.644641e-02
3.358547e-02
3.899691e-01
8.396874e-01
5.265384e-01
9.871247e-01
4.767889e-01
-2.101772e-02
9.242434e-01
1.723750e+00
-3.417996e-01
-9.903936e-01
1.524152e+00
9.700936e-01
-2.220008e-01
-3.677937e+00
-7.362501e-01
-1.436695e+00
-9.652529e-01
-1.683908e+00
-1.472780e-02
-3.529511e-01
-3.128118e-01
1.825318e-01
-7.391276e-01
-4.612851e-02
-2.180144e-01
-1.420525e+00
-1.742660e+00
-5.401613e-01
2.474093e-01
4.236728e-01
-1.649222e+00
1.007162e+00
-2.514042e+00
3.212360e-01
1.478285e+00
-5.054461e-01
1.267151e+00
-4.150225e-01
-2.752646e-01
-1.499044e+00
-9.641235e-01
2.786758e-01
-3.516926e-01
-1.203368e+00
1.338203e-02
-1.058048e+00
3.761315e-01
6.609837e-01
-4.063493e-01
-1.438202e-01
1.201249e+00
2.523373e+00
-1.716651e+00
5.366311e-01
3.970989e-01
3.896222e-01
2.505526e+00
-8.077262e-01
4.204758e-01
-2.453318e-01
3.693383e-01
1.087607e+00
-8.908831e-01
-3.341441e-01
8.675698e-01
-1.392871e-01
-5.140826e-01
-7.484557e-01
2.124948e+00
4.359843e-01
-1.671989e+00
8.168618e-01
1.486299e+00
9.062818e-03
-2.899880e-01
-1.900028e-03
-2.175460e+00
1.215941e-01
-1.089482e+00
-8.081050e-01
9.077214e-01
7.790016e-02
-7.849949e-01
-2.952444e-01
1.696630e+00
-1.645232e+00
2.343952e-02
4.726947e-01
-6.257934e-01
-4.387147e-01
6.178001e-01
-8.149998e-01
2.068688e+00
-9.250226e-01
-2.398446e-01
7.758691e-02
1.564682e+00
-9.011923e-01
-1.514271e+00
1.892548e-01
1.279482e+00
1.044329e+00
2.569471e-01
6.594085e-01
-8.612929e-01
2.264432e+00
-1.111107e+00
1.579112e-02
5.087931e-01
-5.039117e-01
9.405101e-01
-4.344958e-01
3.906233e-02
3.067496e-01
6.329995e-01
4.729536e-01
-4.016852e-01
-1.036365e+00
-7.702181e-02
3.855269e-01
-1.253161e+00
4.940217e-02
3.446983e-01
-1.757066e-01
5.396259e-01
-1.828637e-01
-1.814999e-01
1.677938e+00
-1.568093e-01
2.752401e-01
-2.440636e-01
-1.280777e+00
-1.891416e+00
4.053324e-01
1.224054e-01
-1.159401e+00
3.319496e-01
5.914203e-01
1.049946e+00
-9.032756e-01
2.617542e-01
9.869472e-01
-9.099319e-01
5.133469e-01
-9.522684e-03
-1.563477e+00
-1.935597e-01
-1.173007e+00
-9.453168e-01
-9.706768e-01
4.443793e-01
4.538815e-01
-2.236983e+00
6.276323e-01
-2.639605e-01
6.022427e-01
2.873017e-01
5.635130e-01
5.666816e-02
2.155922e+00
1.766092e-01
3.168480e-01
6.758652e-01
-2.636403e-01
-1.454591e+00
-1.084529e-01
1.274915e+00
1.372825e+00
-1.048143e-01
4.511263e-02
-6.295413e-01
-1.078147e+00
-5.264809e-01
5.404170e-01
1.235226e+00
-1.028490e+00
2.295273e-01
1.193539e+00
5.074504e-01
7.635925e-01
-1.156777e+00
2.035274e+00
8.901277e-01
-1.111094e+00
-1.443980e+00
2.140659e+00
2.379892e+00
1.091878e+00
3.073631e-01
-3.647969e-01
2.098272e-01
-6.984471e-01
-6.213136e-01
1.592756e+00
1.527190e+00
2.189375e-01
4.563523e-01
1.074827e+00
6.607616e-01
-5.409343e-01
7.884777e-01
1.283926e+00
-6.981115e-01
-1.018012e+00
-3.024255e+00
3.723373e-01
-1.489810e+00
1.353302e+00
3.168818e-01
2.089316e+00
2.639502e-01
5.747494e-01
-8.474252e-01
-2.219546e-01
7.214277e-01
2.688550e+00
-6.016486e-01
1.500641e+00
1.165081e+00
-3.650523e-01
-3.088093e-01
-5.652994e-01
-6.044269e-01
-2.083927e-01
-9.226315e-01
-5.688193e-01
-1.353245e+00
1.834837e-01
4.761965e-01
1.016744e-01
-1.548281e+00
-2.053187e+00
-6.810976e-01
2.081290e+00
4.418757e-01
1.692365e+00
4.201300e-01
1.061147e+00
-1.586225e+00
1.190044e+00
-1.318191e-02
-1.037370e-01
1.442061e+00
9.940936e-01
1.170727e+00
1.964108e+00
9.002064e-01
7.305263e-01
-3.932242e-01
-1.024928e-01
7.798864e-01
5.425269e-01
8.309037e-02
1.855686e+00
4.689406e-01
-3.796810e-01
-6.241590e-01
-1.401333e+00
7.333035e-01
-7.529589e-01
-1.533351e+00
8.376886e-01
3.652837e-01
-1.767455e-01
6.972433e-01
-7.964215e-01
-2.832720e+00
4.997124e-01
-1.368028e+00
1.503202e+00
6.708498e-01
-8.074444e-01
-6.308971e-01
-8.059060e-01
8.293269e-02
-2.267638e+00
-8.940186e-01
4.460464e-01
3.842748e-01
-9.181086e-01
-1.253922e+00
4.009407e-01
4.848861e-01
3.347884e-01
-1.055842e+00
1.815140e+00
-4.793737e-01
-1.070214e+00
6.066567e-01
1.166860e+00
-2.075331e-01
-2.826907e-01
9.173542e-01
7.086929e-01
8.830166e-01
4.637285e-01
-1.000586e+00
-1.686326e-01
9.756729e-01
-1.078248e-01
2.669030e-02
-2.719957e-01
-1.354913e-01
-9.781499e-02
-1.712809e+00
3.607078e-01
-1.265617e+00
5.691351e-01
2.153274e-01
9.432747e-01
-6.231664e-01
3.547804e-01
-8.196321e-01
-3.485692e-01
2.094237e+00
8.962732e-01
8.995481e-02
3.734076e-01
-3.037086e+00
-1.171702e-01
-6.952796e-01
5.368622e-01
-8.006958e-01
8.086863e-01
7.820389e-01
-1.308709e-01
8.604333e-01
-1.187845e+00
7.677271e-01
7.308177e-01
4.244194e-01
8.964227e-02
1.054559e+00
-3.566619e-01
-2.585728e-01
2.226778e-01
-1.349756e+00
2.587400e-02
-1.759078e+00
-1.307699e+00
-3.272561e-01
3.193127e-03
-1.435005e+00
9.522935e-01
1.068489e+00
-4.002304e-01
1.402452e-01
7.777793e-02
-9.121355e-02
1.115024e+00
-1.770802e+00
-4.002046e-01
-2.442077e-01
4.692314e-01
3.772569e-01
2.795699e-01
7.346318e-01
1.099963e+00
-9.582580e-01
1.762820e+00
-7.590616e-01
1.092064e+00
-9.488689e-01
-4.181361e-01
6.019313e-01
-1.339753e+00
-1.568856e+00
7.951209e-01
-1.275107e+00
-1.244071e-01
-7.327705e-01
1.553292e+00
4.108596e-01
-3.405521e-01
-7.910484e-01
1.777375e+00
-1.385093e+00
1.132312e+00
-1.394337e+00
-1.438437e+00
3.325489e-01
3.888689e-01
-7.672877e-01
-1.467708e+00
3.181849e-01
-3.627462e-02
1.937656e-01
1.005976e+00
9.163678e-02
5.788150e-02
1.341968e-01
4.718263e-01
-1.143688e+00
1.861284e+00
-1.240023e-01
-8.137573e-01
3.514505e-01
-2.713501e-01
1.736124e+00
-8.085856e-01
-9.092587e-01
3.156207e-01
1.294359e+00
8.213895e-01
3.496275e-01
1.024712e+00
3.673853e-01
-9.643115e-01
-1.344423e-01
3.036828e+00
1.358305e+00
9.593213e-01
-3.820859e-01
4.892224e-01
-6.293096e-01
4.152488e-01
4.283452e-01
2.073596e-01
-1.600205e+00
-3.261608e-01
6.060535e-01
-9.347141e-01
-9.182487e-01
2.516385e-01
-1.376292e+00
8.422547e-01
1.183388e+00
5.641354e-01
-4.698579e-02
-7.538949e-01
1.479256e+00
4.774464e-01
-1.653967e+00
-3.923336e-01
-4.266804e-01
4.418061e-01
8.641064e-01
1.142055e+00
1.416079e-01
-1.050177e-01
2.225649e-01
1.211266e-01
-4.412843e-01
3.315484e-01
-5.968438e-01
1.151460e+00
-2.426553e-02
1.068363e+00
6.479995e-01
3.687815e-01
9.240355e-01
6.108180e-01
1.863626e+00
-1.921007e-01
-5.015660e-01
-1.158355e+00
2.258035e-01
-1.141042e-01
3.371252e-01
1.476085e+00
1.787033e-01
3.279608e-01
1.508382e-01
1.038508e+00
1.930890e-01
-7.987064e-01
-4.838249e-01
-9.590668e-02
6.580275e-01
-2.191067e-01
-9.259520e-01
1.817638e+00
-3.158780e-01
6.443389e-01
-1.758225e+00
-7.136236e-01
-4.720034e-01
-2.473698e-01
1.859755e-02
4.940045e-02
-2.571740e-01
-4.174307e-01
1.099870e+00
2.981984e+00
-5.963702e-01
7.246570e-01
-4.189083e-02
9.912731e-01
-1.972055e-01
-4.078711e-02
3.592699e-01
1.375426e+00
-3.408581e-01
-1.157395e+00
-9.308202e-01
1.480072e+00
7.173064e-01
8.338144e-01
1.347884e+00
-2.193876e-02
6.077977e-01
1.327528e+00
-9.542381e-01
4.900364e-02
3.437738e-01
-5.752027e-01
3.953350e-01
5.737254e-01
-6.242990e-02
-7.727219e-01
2.183257e+00
3.422683e-01
-2.519939e+00
1.811319e-01
-2.685827e-01
-1.686744e+00
1.784310e+00
-1.154923e+00
1.999062e+00
-2.148359e+00
-1.129433e+00
-6.507807e-01
1.393119e+00
-5.281144e-01
2.516682e-01
1.448774e+00
-7.623269e-01
-4.074183e-01
-1.094386e+00
5.617973e-02
3.702514e-01
-1.710310e+00
-5.486819e-01
-1.404627e+00
-1.364099e+00
1.316043e-01
1.974973e+00
1.937867e+00
-6.651677e-01
-1.666649e+00
1.852735e+00
1.135924e+00
1.928516e+00
1.071595e+00
-1.798572e+00
-2.586142e-01
1.178832e-01
-1.476703e+00
-6.964264e-02
1.393266e-01
9.494642e-01
-8.002772e-01
-1.486139e+00
-3.242932e-01
5.345284e-01
-5.169244e-01
6.558675e-02
6.869227e-01
-7.051750e-01
-8.782137e-01
-2.442119e+00
4.878897e-01
1.507002e+00
-1.886265e-01
-1.248720e+00
8.886191e-01
-1.552408e+00
-1.393325e+00
6.230190e-02
-2.040074e-01
-4.454058e-01
4.194048e-01
5.671579e-01
6.253286e-01
-1.352199e+00
-1.019215e+00
-5.958741e-01
1.365281e+00
1.163885e+00
-1.184778e+00
1.834065e+00
-9.551597e-01
2.291572e+00
-7.577507e-01
1.546219e+00
2.605355e-01
6.117667e-01
4.186183e-01
1.899199e+00
-1.105674e+00
1.872215e+00
-1.291217e-01
-1.135941e+00
-8.629617e-01
-4.824052e-01
-1.413590e-01
-3.677370e-01
-2.995134e-01
4.923238e-02
-2.527005e-01
-6.784733e-01
-4.749743e-02
-4.083298e-01
7.228902e-01
8.498828e-01
3.031961e+00
2.452740e-02
3.701776e-01
5.120028e-01
4.758249e-01
1.389695e+00
3.776497e-01
8.212230e-01
9.915417e-02
-9.016231e-02
1.157579e+00
-6.988049e-01
-1.112715e+00
8.512098e-01
1.417160e+00
-2.005689e-01
-5.975243e-01
1.360472e+00
-3.160960e-01
-3.354419e-01
1.396999e+00
-1.131923e+00
4.533689e-01
6.681404e-01
8.254338e-01
-2.703616e-01
9.481712e-01
1.024432e+00
-2.177265e-01
9.466554e-02
6.608753e-01
-4.305484e-01
-4.613426e-01
-1.921127e-01
4.517058e-01
1.604138e-01
-1.268122e+00
4.812169e-01
-1.215969e+00
-4.179056e-01
1.360165e+00
1.948473e+00
8.822832e-01
9.128004e-01
1.148564e-01
2.642719e-01
1.654158e+00
-7.067667e-01
1.147089e+00
-1.318433e+00
7.232049e-01
-6.928731e-01
-1.989819e-02
3.999026e-01
7.947288e-01
-9.812211e-01
-1.735337e-01
2.544374e-02
1.842288e+00
7.072422e-02
3.672243e-01
-1.418781e+00
2.475343e-01
-2.112512e+00
-6.666376e-01
1.074108e+00
-1.103754e+00
2.608328e-01
-2.150550e+00
1.309571e+00
-5.495357e-01
1.200553e+00
-7.520348e-01
8.930687e-01
-7.084421e-01
1.428967e+00
-1.472628e+00
8.492726e-01
1.049937e-01
-4.380574e-03
2.786772e-02
-1.912695e-01
-1.147714e+00
-1.453442e+00
-6.000483e-01
1.054236e+00
-7.427459e-01
1.175540e-01
-7.277877e-01
7.931243e-01
-1.735937e+00
9.557935e-01
-1.394905e-01
-8.716756e-01
1.031808e+00
-9.357234e-01
1.180076e+00
5.647754e-01
8.979983e-02
-6.709094e-01
-3.381350e-01
-1.415513e+00
-1.462832e-01
-6.876112e-01
1.667031e+00
-7.711051e-01
6.719121e-01
8.925232e-01
-2.189554e-01
-9.380374e-01
4.682136e-01
-8.434402e-01
-6.438027e-01
1.307529e+00
6.589599e-01
-1.368443e+00
-2.088384e-02
-8.558968e-02
-7.078668e-01
-2.578436e-01
6.136310e-01
2.181971e+00
-7.028143e-01
-1.854604e-02
6.762998e-01
-1.142001e+00
7.667942e-01
9.521731e-01
3.515627e-01
-2.235385e+00
-1.442126e+00
7.807074e-01
2.715335e-01
9.007428e-01
-8.395162e-01
-1.245592e+00
5.903977e-02
-8.648490e-01
3.850541e-01
-2.440145e-01
-5.253306e-01
8.649038e-01
9.232650e-02
4.921114e-01
6.770782e-01
-8.298545e-01
1.091239e+00
-9.204364e-01
3.082371e-02
-9.928035e-02
1.367174e+00
-2.116048e-01
1.117267e+00
-7.049937e-01
4.345750e-01
-3.140070e-01
1.157238e-01
-7.894826e-01
6.666258e-01
-3.760684e-01
1.053461e+00
9.097385e-01
1.121382e+00
-1.686959e+00
1.850145e+00
-1.939319e-01
1.416966e+00
6.468998e-01
-4.448824e-01
1.420769e+00
-1.988104e+00
1.714228e+00
-1.435527e+00
-7.060383e-01
-1.159213e+00
1.377882e-01
-3.947507e-03
-3.585170e+00
1.388517e+00
1.196652e+00
-1.439138e+00
9.824907e-01
3.907627e-01
3.664475e-01
-1.143397e+00
-1.393033e+00
6.506938e-01
1.268904e+00
-1.751169e+00
1.399731e+00
1.840632e-01
4.386239e-01
-7.351143e-01
3.322594e-01
1.915274e+00
3.874505e-01
3.139554e-01
2.387737e-01
1.168661e+00
2.908364e+00
1.759123e+00
-1.667037e+00
-1.787105e-01
-2.048708e-01
3.207401e-01
6.219934e-02
9.705718e-01
2.671676e-01
-5.316820e-01
6.190053e-01
-6.209105e-02
3.528855e-02
9.098653e-01
-1.832623e-01
-1.146240e+00
-1.495524e+00
-3.254540e-01
-6.172431e-01
2.685701e-02
6.882454e-01
-1.191861e+00
8.899890e-02
-1.709454e+00
-4.973375e-01
-1.833558e+00
9.189046e-02
1.133699e+00
5.126096e-02
1.362394e-01
6.514111e-02
2.382612e+00
-2.536119e-01
1.975062e-01
1.344253e+00
-7.082644e-01
1.162803e+00
2.023625e-01
-3.421476e-01
4.517743e-01
-1.118002e+00
1.080677e+00
1.446300e-01
4.537342e-01
-1.354542e+00
-1.845781e+00
8.742826e-01
-1.141183e+00
-7.732010e-01
-9.021387e-01
-5.287716e-01
5.169267e-01
1.266457e+00
-1.522466e-01
-1.805372e+00
4.075839e-01
-1.842704e-01
-7.383979e-01
1.348976e+00
-1.111003e+00
4.489179e-01
1.183348e+00
-4.221336e-01
1.222754e+00
8.478560e-01
-1.341649e+00
9.229500e-01
-1.385728e+00
-1.122657e-01
4.771156e-01
-2.896897e-01
-4.877372e-01
1.543310e+00
-7.312074e-01
-1.555670e+00
1.903318e+00
-5.667082e-01
1.090088e-01
1.088662e+00
-1.967102e+00
3.316468e-01
-1.512763e+00
6.129185e-01
1.234089e+00
-5.858881e-01
5.297929e-02
-2.455821e-01
-9.192415e-01
-1.968357e+00
1.863744e+00
-2.893188e-01
1.057101e-01
2.253574e-01
-2.801645e-01
7.519407e-01
2.778293e-01
-8.024885e-01
7.568075e-01
-1.579956e+00
1.784502e+00
9.237849e-01
-7.826680e-01
3.553265e-01
4.633770e-01
-5.822399e-01
-3.662084e-01
7.870666e-01
-1.878481e-01
-4.115465e-02
1.231580e+00
-3.095536e-01
4.703435e-01
7.818997e-01
-1.309970e-01
-5.158592e-01
-2.366328e-01
4.674240e-01
5.857498e-01
8.106209e-01
4.503705e-02
-1.463279e-01
-5.649240e-01
-1.386610e+00
5.762630e-01
-1.986696e-01
5.578070e-02
-6.913514e-01
-1.405132e+00
-1.132425e+00
1.084875e+00
-3.758518e-01
-2.964517e-02
1.066550e+00
-4.861270e-01
-6.284685e-01
-2.027203e+00
7.851958e-01
2.681375e-01
5.822344e-01
2.499916e-01
1.846811e-01
1.164101e+00
-1.508757e+00
-7.714060e-02
-8.671055e-01
7.370569e-01
2.344207e-01
-1.531219e+00
1.812962e+00
-5.918006e-01
-2.418515e+00
3.905155e-01
-1.075764e-01
-1.172875e-01
9.201352e-01
-1.608237e+00
9.891766e-01
-7.577785e-01
1.751645e+00
3.148328e-02
-8.076163e-01
-2.306901e+00
-1.273908e+00
-5.445962e-01
-1.349033e+00
5.515350e-01
-6.437157e-01
-5.033559e-01
2.504256e-02
-5.773121e-01
-9.761408e-01
5.051517e-01
9.687573e-01
-4.023159e-01
-8.281470e-01
7.028716e-02
-8.450193e-01
-7.068504e-01
-1.489430e+00
-1.103340e+00
3.333367e-01
-3.137075e-01
-2.743333e-01
-9.005319e-01
5.664043e-01
-1.391649e+00
-1.137987e+00
-3.224527e-01
9.274521e-01
-1.071177e+00
-8.812086e-01
-8.076344e-02
-1.913087e+00
-2.729011e-01
7.876862e-02
2.344904e+00
7.478767e-01
1.403301e+00
-1.014825e+00
-1.272222e+00
1.106597e+00
4.420732e-01
-3.816841e-01
5.084334e-01
-3.542390e-03
4.895142e-01
1.990626e-01
3.670477e-01
-6.500149e-01
-9.591782e-01
-5.519595e-01
2.706795e-01
-2.119116e+00
2.709974e-01
-1.454405e-01
1.703765e-01
1.803516e-02
4.666601e-01
-1.205049e+00
-5.803761e-01
3.775079e-01
7.815134e-01
-1.834429e+00
4.939605e-01
-9.555155e-01
1.626867e+00
2.312270e+00
-8.006286e-01
-7.895178e-01
4.717890e-01
7.353297e-05
6.605589e-01
-1.047594e+00
-1.060803e+00
-1.057206e+00
3.343427e-02
-9.947255e-01
5.929022e-01
1.999246e+00
4.762240e-01
-5.699859e-01
-4.577763e-01
-3.491089e-01
7.082159e-01
-6.881160e-01
7.207173e-01
7.631646e-01
-2.117999e+00
2.473431e-01
1.194193e+00
1.994340e+00
-2.389633e+00
4.189463e-01
2.561597e+00
-1.299954e+00
1.850882e+00
3.748584e-01
-2.503993e+00
1.089059e+00
5.321165e-01
2.534541e-01
6.087351e-01
5.446579e-01
-2.375681e-01
1.692102e+00
-4.642779e-01
-4.879947e-01
1.593706e+00
1.494620e+00
-1.647534e+00
-5.902845e-01
4.307542e-01
2.719334e+00
3.262656e-01
1.270005e+00
4.394688e-01
3.794659e-01
1.055654e+00
-6.103062e-01
-5.979670e-01
-1.774611e+00
-9.756239e-01
7.578070e-01
7.033745e-01
5.018245e-01
-8.615882e-01
-1.486424e+00
-1.622851e+00
1.143630e+00
-2.574216e-01
-8.348625e-01
-1.229143e+00
1.002387e+00
5.692877e-01
-7.047385e-01
-4.036638e-01
1.024135e+00
4.600661e-01
-3.872719e-01
1.463716e+00
3.872739e-01
-1.059105e+00
1.164118e+00
4.504706e-01
-1.009696e+00
1.450092e-01
8.384290e-01
-7.036411e-01
-4.498246e-01
1.051084e+00
1.961084e+00
8.997841e-02
-1.945407e+00
-7.659630e-02
1.115685e+00
3.745759e-01
-1.156637e+00
-1.120633e+00
-9.404997e-01
-9.636309e-01
2.001116e-01
1.175467e+00
4.136932e-01
-3.374554e-01
6.663650e-01
-1.133454e+00
9.382901e-01
-1.106550e+00
6.912518e-01
1.461439e+00
8.724405e-01
3.562574e-02
-3.646607e-01
3.270029e-01
-1.571464e-01
-6.083997e-01
-1.600702e+00
6.308380e-01
-3.290946e-01
2.165169e+00
1.228404e+00
-5.229317e-01
1.517947e+00
-4.507474e-01
-1.112695e+00
5.989521e-01
4.657153e-01
-8.277112e-01
-2.396542e-01
-9.995366e-01
4.589443e-01
2.402275e-01
-1.566159e+00
-6.324069e-01
5.080983e-01
1.037699e+00
-1.077681e+00
8.586694e-01
4.077898e-01
-1.994222e+00
1.597309e+00
-6.869239e-02
7.473480e-01
4.827793e-02
2.909309e-02
-4.864993e-01
3.195162e-01
-1.033687e+00
1.279228e+00
1.177297e+00
-1.327492e+00
-1.027521e+00
1.760669e+00
-6.612138e-01
-1.701997e-01
1.523404e+00
-5.767150e-01
1.361817e-01
-7.925118e-01
1.190496e-01
1.009846e+00
2.130526e+00
-4.803050e-02
-4.357572e-01
-1.566419e+00
-5.891579e-01
-3.697843e-01
-1.047276e-01
1.417124e+00
1.117133e-01
1.083731e-01
5.172673e-02
-4.452498e-01
-6.555554e-02
1.136141e+00
-8.235360e-01
-3.427153e-01
-9.948024e-01
-1.310723e+00
-2.509570e-02
3.736831e-01
4.790763e-01
-2.053743e+00
-6.864068e-02
8.166719e-01
-5.647181e-01
7.406989e-01
-8.953978e-01
-1.457924e+00
1.500375e+00
1.135287e+00
6.207815e-01
-2.017507e+00
2.606347e-01
-1.019823e+00
-1.042495e+00
1.248102e-01
-1.132757e+00
-6.265480e-01
1.082328e-01
-1.904347e+00
-2.931686e+00
5.797036e-01
1.600925e+00
4.806365e-01
2.197235e-01
1.295795e+00
3.666105e-02
-8.717990e-01
1.082438e+00
3.814729e-02
-2.485379e-01
2.513397e-01
-2.888750e-01
5.003138e-01
-1.088106e+00
-5.101927e-01
6.288643e-01
1.695639e+00
-1.435573e-01
-3.286705e-01
1.103163e+00
1.512167e-01
-8.297048e-01
-8.582061e-01
4.409932e-02
-2.188410e+00
3.204571e-02
1.641473e+00
-1.513670e+00
-5.557360e-01
-6.852749e-01
-7.299524e-03
2.238744e+00
-1.163888e+00
4.607260e-01
1.208324e+00
-2.142653e-01
5.495131e-01
-6.750968e-01
-2.996547e-01
5.565818e-01
-1.294240e+00
-3.626496e-01
-1.205218e+00
2.498890e-01
4.882411e-01
9.744317e-01
6.599434e-01
1.819339e+00
2.235808e-01
-8.585017e-01
5.161794e-02
1.499343e+00
1.593844e+00
1.551595e+00
3.880591e-01
-7.350282e-01
-2.911343e-01
-2.703913e-01
-1.682158e+00
-1.084139e-01
-7.747585e-01
-5.370405e-01
-4.001778e-02
5.578813e-01
2.258525e-01
1.591167e+00
-1.049551e+00
-2.217755e+00
1.040811e+00
5.385758e-01
1.831524e+00
-6.442954e-01
2.250332e+00
7.999043e-01
1.455628e-01
1.130716e+00
2.369356e+00
-7.501815e-01
-9.869260e-01
1.133869e+00
-6.580721e-01
-1.380952e+00
3.708541e-01
-1.008569e+00
3.134866e-01
-2.360445e-01
4.162091e-01
1.271560e+00
-1.060481e+00
-1.840943e+00
1.416287e+00
-1.468791e+00
-5.187752e-01
-1.766598e+00
-1.497908e+00
2.827427e-01
1.085912e-01
-5.253439e-01
1.156440e+00
4.846953e-01
1.329263e+00
8.016449e-02
-4.825997e-01
-4.285092e-01
-1.263063e+00
-1.081277e+00
-3.704510e-01
6.505898e-01
6.750223e-01
4.775945e-01
9.606121e-01
-4.634947e-01
1.981473e-02
5.464888e-01
1.230802e-01
4.207260e-03
-1.619575e+00
1.075285e+00
-2.710232e+00
8.447345e-01
-5.016793e-02
-1.696256e+00
1.358919e-01
-3.350595e-01
-1.206737e+00
4.857170e-01
-1.246407e+00
6.685383e-01
-1.014238e+00
1.510063e-01
4.873604e-01
-9.747149e-01
3.937925e-01
1.155117e+00
-1.067658e+00
9.880227e-01
-6.062339e-01
7.946796e-02
1.760927e+00
-3.014706e-01
8.292569e-02
-6.310110e-02
1.239000e-01
1.447142e+00
7.817286e-02
2.437029e-01
1.717616e+00
-1.456765e-01
3.917480e-01
1.560276e+00
1.140501e-01
-3.912445e-02
-1.746262e-01
-3.391920e-01
2.635337e-01
2.729464e-01
-7.278013e-01
9.189150e-02
-8.404498e-02
-2.592711e-01
3.452894e-01
6.784494e-01
-1.005692e+00
9.450318e-02
1.150045e+00
9.811131e-01
-1.883948e+00
6.544495e-01
-2.272155e-01
1.025951e+00
1.041492e+00
-8.250462e-01
-6.721489e-02
1.180272e-02
-6.416060e-01
-1.735133e+00
-5.785472e-01
8.837571e-01
-5.549450e-01
-1.927028e+00
-5.226816e-01
2.751335e-01
-1.929600e-01
-1.394443e+00
5.466882e-01
1.600121e+00
1.860096e-01
-2.756476e-01
2.697559e-01
1.466159e+00
1.073854e+00
-4.211958e-01
1.238477e+00
-2.612998e-01
1.377265e+00
-7.696249e-01
2.784015e-01
6.726121e-02
1.550499e+00
-4.458740e-01
3.958013e-01
1.188967e+00
1.423334e+00
-5.299017e-01
-1.722871e+00
9.882974e-01
4.443347e-02
3.061723e-02
-1.583708e+00
2.025028e+00
1.819350e+00
2.389776e-01
-6.894746e-01
-4.824670e-01
1.064021e+00
-4.845701e-01
-1.093279e+00
5.879437e-01
2.639957e+00
2.522624e+00
4.736312e-01
5.968441e-01
3.709152e-01
-1.879666e+00
2.099546e+00
-1.003330e+00
-1.152942e+00
-1.277948e-01
1.195449e-01
-1.523627e+00
8.823248e-01
8.165676e-01
-2.431713e-01
1.085286e-01
-8.706855e-01
1.280142e-01
8.736479e-01
-2.562315e-01
-3.470253e-01
-2.656180e-01
5.533482e-01
-4.115771e-01
-1.079003e-01
1.514633e+00
-3.058113e-01
-1.286843e+00
-3.282591e-01
3.049706e-01
1.279098e-01
7.595350e-01
1.875256e+00
4.980991e-01
-6.192395e-01
8.503716e-01
-2.224645e-01
2.355569e+00
7.870063e-01
1.571936e+00
