-2.725862e-01
-1.887299e-01
-1.034811e-01
-1.683984e-02
7.119386e-02
1.606200e-01
2.514386e-01
3.436497e-01
4.372532e-01
5.322492e-01
6.286376e-01
7.264186e-01
8.255919e-01
9.261577e-01
1.028116e+00
1.131467e+00
1.236210e+00
1.342346e+00
1.449874e+00
1.558794e+00
1.680299e+00
1.824980e+00
1.969293e+00
2.111746e+00
2.250360e+00
2.383721e+00
2.510451e+00
2.630414e+00
2.744737e+00
2.854123e+00
2.957996e+00
3.054955e+00
3.144369e+00
3.225523e+00
3.296585e+00
3.356500e+00
3.406233e+00
3.445824e+00
3.474917e+00
3.492632e+00
3.500024e+00
3.498596e+00
3.490058e+00
3.475307e+00
3.455419e+00
3.431576e+00
3.405099e+00
3.376538e+00
3.346411e+00
3.315730e+00
3.285204e+00
3.255638e+00
3.228041e+00
3.202462e+00
3.177871e+00
3.153980e+00
3.130054e+00
3.104698e+00
3.076930e+00
3.046205e+00
3.012815e+00
2.976444e+00
2.937068e+00
2.895752e+00
2.853408e+00
2.811207e+00
2.770032e+00
2.729631e+00
2.689461e+00
2.649099e+00
2.608478e+00
2.567804e+00
2.526745e+00
2.485633e+00
2.445463e+00
2.407127e+00
2.370449e+00
2.335002e+00
2.301304e+00
2.270100e+00
2.240829e+00
2.212757e+00
2.185688e+00
2.159860e+00
2.135339e+00
2.111747e+00
2.088327e+00
2.065120e+00
2.042680e+00
2.021326e+00
2.000890e+00
1.981021e+00
1.961438e+00
1.942935e+00
1.926081e+00
1.910299e+00
1.895082e+00
1.880424e+00
1.866027e+00
1.852342e+00
1.839972e+00
1.829583e+00
1.821001e+00
1.813316e+00
1.805732e+00
1.797733e+00
1.789645e+00
1.782198e+00
1.775836e+00
1.771313e+00
1.769427e+00
1.770762e+00
1.775563e+00
1.783935e+00
1.796001e+00
1.811734e+00
1.831300e+00
1.854658e+00
1.881767e+00
1.912710e+00
1.947336e+00
1.985293e+00
2.026117e+00
2.069444e+00
2.114897e+00
2.162107e+00
2.210524e+00
2.259492e+00
2.308498e+00
2.357002e+00
2.404368e+00
2.449656e+00
2.491746e+00
2.529388e+00
2.561468e+00
2.587243e+00
2.606110e+00
2.617543e+00
2.621525e+00
2.617896e+00
2.606228e+00
2.585991e+00
2.557455e+00
2.521180e+00
2.477873e+00
2.428277e+00
2.373221e+00
2.313736e+00
2.251064e+00
2.185947e+00
2.118758e+00
2.049918e+00
1.979589e+00
1.908093e+00
1.836053e+00
1.764206e+00
1.692804e+00
1.622120e+00
1.552234e+00
1.483221e+00
1.415408e+00
1.349225e+00
1.285023e+00
1.222898e+00
1.162765e+00
1.104576e+00
1.048351e+00
9.940194e-01
9.416689e-01
8.915626e-01
8.442893e-01
8.004204e-01
7.598681e-01
7.221458e-01
6.868625e-01
6.536844e-01
6.223321e-01
5.926988e-01
5.644594e-01
5.375890e-01
5.118830e-01
4.872005e-01
4.634357e-01
4.407756e-01
4.194103e-01
3.995437e-01
3.813225e-01
3.645266e-01
3.488058e-01
3.339154e-01
3.196317e-01
3.057937e-01
2.924995e-01
2.799246e-01
2.676952e-01
2.555677e-01
2.435996e-01
2.317957e-01
2.202492e-01
2.091626e-01
1.986965e-01
1.888805e-01
1.796548e-01
1.703284e-01
1.608362e-01
1.517582e-01
1.430942e-01
1.348444e-01
1.270086e-01
1.195870e-01
1.125794e-01
1.059860e-01
9.980668e-02
9.404146e-02
8.869034e-02
8.375332e-02
7.923041e-02
7.512160e-02
7.142690e-02
6.814630e-02
