    0
    0
    0
    0
    0
2.192125e+01
    0
    0
    0
    0
    0
    0
    0
    0
    0
    0
    0
    0
    0
    0
    0
    0
    0
    0
    0
    0
    0
    0
    0
    0
7.500000e+00
    0
    0
    0
    0
    0
    0
    0
    0
    0
    0
    0
    0
6.500773e+00
    0
    0
    0
    0
    0
    0
    0
    0
    0
    0
    0
    0
    0
    0
    0
    0
    0
    0
    0
    0
    5
    0
    0
    0
    0
    0
    0
    0
    0
    0
    0
    0
    0
    0
    0
    0
    0
    0
    0
    0
    0
    0
    0
    0
    0
    0
    0
    0
    0
    0
    0
    0
    0
    0
7.588537e+00
    0
    0
    0
    0
    0
    0
    0
    0
    0
    0
    0
    0
    0
    0
9.662797e+00
    0
    0
    0
    0
    0
    0
    0
    0
    0
    0
    0
    0
    0
    0
    0
    0
6.874812e+00
    0
    0
    0
    0
    0
    0
    0
    0
    0
    0
    0
    0
    0
    0
    0
    0
    0
    0
    0
    0
    0
1.242920e+01
    0
    0
    0
    0
    0
    0
    0
    0
    0
    0
    0
5.472537e+00
    0
    0
    0
    0
    0
    0
    0
    0
    0
    0
    0
    0
    0
    0
    0
    0
    0
    0
    0
    0
    0
    0
    0
    0
    0
    0
5.902377e+00
    0
    0
    0
    0
    0
    0
    0
    0
