    0
    0
    0
    0
    0
4.700748e+00
    0
1.902712e+01
    0
    0
    0
    0
    0
2.471586e+01
    0
    0
    0
    0
    0
1.680923e+01
    0
    0
    0
    0
    0
    0
    0
    0
    0
    0
    0
    0
    0
    0
    0
    0
    0
    0
    0
    0
    0
    0
    0
    0
    0
    0
    0
    0
    0
    0
    0
    0
    0
    0
    0
1.879884e+01
    0
    0
    0
    0
    0
    0
1.061564e+01
    0
    0
    0
    0
    0
    0
    0
    0
    0
    0
    0
    0
    0
    0
    0
    0
    0
    0
    0
    0
    0
    0
    0
    0
    0
    0
    0
    0
    0
2.433689e+01
    0
    0
    0
    0
    0
    0
    0
2.046862e+01
    0
    0
    0
    0
    0
    0
    0
1.541633e+00
    0
    0
1.484093e+01
    0
    0
    0
    0
    0
    0
    0
    0
    0
    0
    0
    0
    0
1.641126e+01
    0
    0
    0
    0
    0
    0
    0
    0
    0
    0
    0
    0
    0
    0
    0
    0
3.673258e+00
    0
    0
2.388459e+01
1.862059e+01
    0
9.907143e-01
    0
1.508899e+01
    0
    0
    0
    0
    0
    0
    0
    0
    0
2.365690e+01
    0
    0
    0
    0
    0
    0
    0
7.189499e+00
    0
    0
    0
    0
1.780122e+01
    0
1.591256e+01
    0
    0
    0
    0
    0
    0
    0
    0
    0
    0
    0
    0
    0
    0
    0
    0
    0
    0
    0
    0
    0
    0
    0
    0
